5501 1982 FF2                        109.117353  2.4308605  0.13686328 311.167557 233.488056   4.275934  13.2
5502 Brashear                         50.218167  2.6714319  0.12723648 229.933729 352.990962  12.369113  12.6
5503 1985 CE2                        129.781390  2.5472699  0.10204975 326.177362 160.822343   5.443739  13.1
5504 Lanzerotti                       44.619863  2.6131288  0.07469624 132.831431  60.363900  13.692131  12.8
5505 1986 VD1                        153.378048  2.8757468  0.14137508  57.755143 315.881110  11.022502  11.6
5506 1987 SV11                       192.391560  2.3784711  0.16741788 133.649276  18.847210   5.243471  13.2
5507 Niijima                         234.488667  2.5798960  0.13522677  21.846928 338.052857   2.645821  13.4
5508 1988 EB                          93.584385  2.8415745  0.22680979  69.871111  36.747059   6.770788  12.0
5509 Rennsteig                        70.688619  2.2136316  0.13793667  89.291390 189.347079   2.194785  14.6
5510 1988 RF7                          8.251876  2.1909344  0.24455890 234.223065 109.420067   5.688765  13.9
5511 Cloanthus                         7.620044  5.1904505  0.11579936 117.957910 172.942989  11.192029   9.6
5512 1988 VD7                        350.144886  2.2789423  0.21016115 263.603181  71.326418   6.188551  13.3
5513 Yukio                           278.888536  2.2111749  0.05434191 184.176573 290.025976   1.659560  13.5
5514 1989 BN1                        132.573697  2.5640550  0.17345771 304.154230 150.257288   6.528897  13.5
5515 1989 EL1                         29.271153  2.6626968  0.22669453  45.200056 171.538971  13.124989  12.5
5516 Jawilliamson                     98.582070  2.5834523  0.17020888  35.870721 160.717695  13.033516  12.9
5517 Johnerogers                      90.731228  2.5919459  0.11895954 116.369284  89.994307  14.373456  12.5
5518 Mariobotta                       35.715405  2.2720823  0.18405593 140.355592 124.878401   7.754502  12.8
5519 1990 QB4                         38.205726  3.1691266  0.02848865 287.241147 157.641531   6.723538  12.3
5520 Natori                          189.071621  3.0018815  0.10467333  58.096909 292.970832   8.885013  11.8
5521 1991 PM1                        224.291942  2.5766195  0.19364696 266.930332  90.977105  11.148844  12.4
5522 De Rop                          207.627836  2.4130961  0.18563588 140.118052 291.821913   1.330631  13.4
5523 1991 PH8                        222.885070  2.8336208  0.01227573 164.080109  88.314834   3.359023  12.2
5524 Lecacheux                        61.396144  2.3660903  0.02611882 119.095185 108.422355   7.494948  13.0
5525 1991 TS4                         53.423661  2.2206852  0.15127078 342.859142 342.504022   7.620472  13.0
5526 Kenzo                           223.539821  2.6370876  0.16301464 151.798999 224.287429  13.574784  12.3
5527 1991 UQ3                        106.302674  2.2292661  0.12824432 172.815524 109.011554   3.684323  13.2
5528 1992 AJ                          39.170732  3.2508414  0.03675919 342.080017 140.744159  16.412416  10.9
5529 Perry                           109.634288  2.2735299  0.17173805 234.649491  14.470294   4.813725  13.3
5530 Eisinga                         203.426404  2.2955957  0.15108253 114.711113  16.663208   7.749409  13.9
5531 Carolientje                      68.271684  2.7257046  0.09730101 305.777757 179.458977  13.137615  13.2
5532 Ichinohe                        337.128772  3.1194750  0.14069161  68.941771 123.909211   1.172735  12.1
5533 1935 SC                         258.634774  2.2399981  0.18717690  18.558281 349.299369   5.081842  14.2
5534 1941 UN                         107.036191  2.7607824  0.33485574  50.310542   9.543301   7.503318  12.1
5535 Annefrank                        87.188194  2.2124102  0.06422580   8.748907 120.759050   4.246393  14.2
5536 1955 QN                         214.283843  2.2489871  0.09378772 124.688887 250.878708   6.775511  13.1
5537 1964 TA2                        320.321132  2.2759556  0.16517351   4.984584 339.868043   5.951255  13.5
5538 Luichewoo                       263.493187  2.2889270  0.16715104  45.442194 335.574511   5.232772  14.3
5539 1965 UA1                        188.697090  2.4356993  0.15590005 121.682594 296.174728   1.824048  12.6
5540 Smirnova                        145.682520  2.6003370  0.30601421 123.220986 223.934486   4.556130  14.0
5541 Seimei                          297.139624  3.1762244  0.15511711 201.696760 193.649192  12.872740  12.8
5542 1978 PT4                        224.368787  2.5882931  0.16064394 263.308560 116.808047  15.848467  12.4
5543 1978 TW2                        227.302095  2.2564039  0.09825377 310.166589 154.220152   2.456645  13.9
5544 1978 TH6                         66.255014  2.6894074  0.10348623 122.018997   9.638830  13.149485  13.0
5545 Makarov                         119.700412  2.6468471  0.02190287  63.725535  67.237425   3.425957  12.8
5546 Salavat                          75.062537  2.6206841  0.11557650 242.022102 287.486754  12.166571  12.6
5547 Acadiau                         130.584467  2.6189803  0.12126913 335.854252 240.837964  12.661496  12.4
5548 1980 TH                          69.853688  2.9933948  0.07609674 122.327583 335.131992   9.975749  11.9
5549 Bobstefanik                      46.714759  2.5936555  0.09720409 178.830282   2.771172  13.970745  13.2
5550 1981 UB1                        358.738400  3.0972658  0.16951552 282.394120 145.694744   1.107408  12.2
5551 1982 BJ                         220.801300  2.3182162  0.19465503  38.225865 117.285486  23.974061  14.1
5552 1982 SJ1                        109.350223  2.7773537  0.24520180 250.100169 174.738741   8.212012  12.9
5553 Chodas                           63.430478  2.7342488  0.20849418   0.750536 162.307054   9.792025  13.0
5554 Keesey                          278.688653  2.2430377  0.19780331  73.121053 312.122440   7.725465  13.8
5555 Wimberly                         60.807406  3.0138780  0.10221718  56.916023   3.080966  10.142047  12.1
5556 1988 AL                          51.281766  2.7881734  0.16995405 358.608522 168.315674   8.564775  12.3
5557 Chimikeppuko                     45.309561  2.5409614  0.15148065 221.919016  10.918158   5.950578  12.7
5558 1989 WL2                         90.338115  1.9355318  0.11239651 264.638160 139.013338  23.380319  14.0
5559 1990 MV                          69.714481  2.3852484  0.23187991 177.833958  92.569221  11.333651  12.6
5560 Amytis                          136.672281  2.2854875  0.10915536 177.537184  75.074823   5.621705  12.9
5561 Iguchi                           15.860282  2.1854504  0.15451484  70.466647 304.651225   5.920618  13.5
5562 1991 VS                         163.517715  2.4842552  0.11605811  48.949104  93.370261   7.622991  13.3
5563 1991 VZ1                        106.802951  2.7635981  0.06351102  47.738296  68.329989  10.494957  11.7
5564 1991 VH2                         84.527756  2.5300472  0.12221809 130.719091  83.131692   7.577092  12.7
5565 1991 VN2                        157.987025  2.8111479  0.21532421 265.430092 139.177113  10.312248  11.8
5566 1991 VY3                         26.324175  3.1905351  0.14623724 310.929208 153.581138   1.513339  12.0
5567 1953 FK1                        240.287003  2.9463573  0.21474433 307.388962   9.633851  16.127216  10.8
5568 1953 TS2                         86.559285  2.2643581  0.15723642 241.111272  81.274148   3.706703  13.6
5569 1974 FO                          69.007426  2.4351477  0.16117588 283.522595 353.895604   5.267085  13.4
5570 1976 GM7                        348.761003  3.2370045  0.06451218 331.915068 174.213654  10.772594  11.9
5571 1978 LG                          34.041617  3.0207575  0.06789775 210.773480 281.211690   9.696821  12.1
5572 1978 SS2                        282.630527  3.1214214  0.16379221  68.585899 199.206134   8.956784  12.0
5573 1981 QX                          42.644637  2.5959648  0.28758645 104.178665 178.522774  11.210280  13.4
5574 1984 FS                         152.550835  2.6407647  0.11317064 346.410595 145.317677  13.994043  12.2
5575 1985 RP2                        107.964780  3.0905647  0.18009952 228.725487 141.770176   0.577547  12.9
5576 Albanese                        119.139194  2.7589575  0.07241038  68.755551  31.255629   5.625400  12.2
5577 1986 WQ2                        287.675895  1.8442546  0.04431153 227.945785  97.132678  22.272793  14.1
5578 1987 BC                         218.870994  2.9149507  0.07715540 187.975932 180.010564   1.977982  12.1
5579 1988 JL                         170.202388  1.9492545  0.09743197 247.655168  81.008691  23.541630  14.2
5580 Sharidake                       280.285788  2.2551505  0.15359878  34.706645  17.454647   5.786610  13.2
5581 Mitsuko                         155.327374  2.3827314  0.15743244  35.632471 165.605818   2.479858  13.9
5582 1989 CU8                         23.652518  2.8946241  0.01845839  74.741605  18.497421   2.101731  12.5
5583 1989 EY1                          9.758833  2.8775188  0.02183733  48.090618  60.504700   2.905884  12.4
5584 1989 KK                          41.656642  2.6713246  0.12318889  34.664402 200.288438  12.848239  12.7
5585 Parks                           265.972301  2.7143939  0.39606269  76.042151 265.173759  28.633362  13.7
5586 1990 RE6                        158.127340  2.3754825  0.14579062  53.531088 160.750022   3.764537  13.0
5587 1990 SB                          70.541780  2.3912454  0.54847250  86.252698 190.538282  18.097805  13.6
5588 1990 SW3                        265.601509  2.7864857  0.13828237 253.937810  93.949743  12.360656  11.9
5589 1990 SD14                       348.784766  2.7476723  0.03989951  39.062587 219.173220   2.014576  12.5
5590 1990 VA                          75.209431  0.9852833  0.27922720  34.365758 216.390577  14.188674  19.7
5591 Koyo                            247.876747  2.7786494  0.08666036 191.432404 188.468156   4.231706  12.5
5592 Oshima                          223.039214  3.1726576  0.06339203  86.907250 232.598945   8.504246  11.5
5593 Jonsujatha                      104.666033  2.2705495  0.09897829 339.711769 167.696804   5.316434  13.9
5594 1991 NK1                        145.318435  3.1635679  0.04996013 123.064618 128.826182  10.277312  11.5
5595 1991 PJ                         138.856111  2.7256664  0.16178759 262.533931 129.837213   9.829458  12.5
5596 Morbidelli                      278.577752  2.1751324  0.08356652 220.264014 261.986223   4.232357  13.7
5597 1991 PC13                       310.934527  2.4462435  0.20725854 326.620286 328.850463   4.569067  13.3
5598 Carlmurray                      298.521793  2.1905156  0.11265235 173.609744 283.684211   5.041579  12.8
5599 1991 SG1                        221.790217  2.4200946  0.13443716 195.916307 266.158763   6.455951  12.5
5600 1991 UY                         346.602253  2.2779795  0.13074719 315.460687  74.445167   7.029409  13.0
5601 1991 VR                          47.748000  2.1790792  0.12445400 359.192648  15.695397   4.836668  13.6
5602 1991 VM1                        198.425944  2.1625823  0.08222016 109.995063 123.788672   4.820724  13.6
5603 Rausudake                       234.263965  3.9614370  0.06556817  19.451326 196.931999   4.328856  10.5
5604 1992 FE                         119.667906  0.9269267  0.40534768  82.292230 312.162516   4.793245  16.4
5605 1993 DB                         178.793727  2.2637154  0.10451730 180.281484  10.511335   4.308288  13.2
5606 1993 EH                         199.828938  2.2250550  0.12837011  14.701268 178.312003   7.078010  13.4
5607 1993 EN                         255.480373  2.6774402  0.12819573 206.155491 155.291213   8.128611  12.3
5608 1993 EO                         337.526110  2.6412336  0.04362196 254.465364  39.183899   3.093054  12.7
5609 Stroncone                       260.756210  3.0898995  0.14865570 283.629300   5.502585   1.397929  12.6
5610 Balster                         313.626075  2.8044227  0.04336956 329.773791 244.272790   3.348988  12.8
5611 1943 DL                         118.312869  2.5963030  0.13232538 111.686748 354.458919  12.428454  12.4
5612 1975 TX2                        227.447310  2.4853461  0.10069719  39.795961  53.209059   7.739113  13.2
5613 1976 YP1                          0.605970  3.1097602  0.16976140  40.718454  11.396208   1.667874  12.5
5614 Yakovlev                        330.657959  2.8652853  0.33213937 119.175111 213.646400   6.611763  13.1
5615 Iskander                        119.107950  2.2723359  0.19292679 120.335709 209.632795   4.738436  13.8
5616 Vogtland                        105.332356  2.6327576  0.19413232  28.415134  83.736326   3.214590  13.5
5617 1989 EL                         198.366113  2.4270718  0.14334155 253.017076 243.837119   5.422543  13.0
5618 Saitama                         204.097810  2.2463413  0.12324686 342.350774 142.320805   7.065894  14.0
5619 Shair                           256.471578  2.6255257  0.21289595 141.453541 176.479831  25.219628  12.2
5620 1990 OA                         190.111738  2.1589505  0.42217238 153.022943 128.980896   7.837195  17.0
5621 Erb                             118.599375  2.3017053  0.38594010   4.571701 279.222631   5.545683  13.9
5622 1990 TL4                        268.402617  2.8031983  0.16965094  52.630335 277.769901   8.094537  11.3
5623 Iwamori                         197.710841  3.0146938  0.09793476 195.840129 168.445910  10.970092  11.7
5624 Shirley                         203.911559  3.0165597  0.05091086 227.452783 155.101891  10.648429  11.8
5625 1991 AO2                        293.057071  2.6728316  0.19541700 216.304488 175.254684  11.997940  12.3
5626 1991 FE                         171.329642  2.1956126  0.45338838 231.319286 173.383035   3.852241  14.7
5627 1991 MA                         299.622576  1.8779253  0.02101174 169.309595  77.883970  26.350170  14.5
5628 Preussen                        159.606799  2.7556005  0.04390465 127.256380 275.633853   3.701550  12.6
5629 Kuwana                           76.129944  3.0533093  0.07165642 285.890428 145.813430  10.060766  11.4
5630 Billschaefer                    155.144333  2.2428383  0.14100504  64.114172 183.024180   2.896399  13.4
5631 Sekihokutouge                    83.823159  2.3347149  0.09463375 276.767232   7.388869   1.233363  13.4
5632 1993 GG                         359.503350  2.7435553  0.08243346 190.765523  82.587190  18.187742  11.5
5633 1978 UL7                        215.658068  2.1487253  0.11213793 351.941702 258.280411   2.432560  13.7
5634 1978 VT6                        214.717849  2.1463946  0.08319116  30.155999 261.463249   3.360598  14.7
5635 1981 ER5                        123.145605  2.3860015  0.26675349  53.846348 274.297367   7.312312  13.8
5636 Jacobson                        310.031379  2.7621613  0.13290140 194.820875 125.694148   2.398935  12.8
5637 Gyas                            319.432090  5.1025561  0.11988255 329.908884   2.183059  22.491501  10.2
5638 Deikoon                          33.864096  5.2882378  0.10744654  91.277138 156.061052  10.882162  10.0
5639 1989 PE                         287.236564  1.8516954  0.02303853  87.564758 149.678562  26.604176  14.1
5640 1989 UR3                         40.282659  2.6436657  0.25627650 172.834579 166.864001   3.122091  13.4
5641 McCleese                         94.117995  1.8196475  0.12605170  56.809427 151.429598  22.206117  12.7
5642 1990 OK1                         76.690612  2.3154626  0.33243499  38.896648 310.311085  24.972037  13.5
5643 Roques                          201.268728  2.1904437  0.17188591 114.055626 163.776779   4.999663  14.5
5644 1990 QG2                         77.823175  3.1314044  0.10240912 264.573363 166.210238  14.298259  11.8
5645 1990 SP                         284.984650  1.3550005  0.38718411  48.038021  45.880365  13.512386  17.0
5646 1990 TR                         179.403160  2.1428999  0.43756292 335.402862  14.269656   7.914162  14.3
5647 1990 TZ                         318.194532  2.4256503  0.26657483 227.010394 240.426451  21.974940  11.3
5648 1990 VU1                        294.088261  5.1886637  0.16580646 267.978980  71.074035  22.676325   9.2
5649 1990 WZ2                         63.759939  2.2811782  0.33533213  62.356452   3.642298  21.757088  13.2
5650 1990 XK                         215.768021  2.6180659  0.10945064 279.264575 254.747435  12.237905  11.8
5651 Traversa                        229.875009  3.1478765  0.15019831 231.366801 139.435466  14.606289  11.7
5652 Amphimachus                      23.710790  5.1908409  0.07738790 107.615361 281.674697   1.899969   9.8
5653 1992 WD5                         87.081873  1.7938876  0.30443439 122.311553  10.119841   6.876888  15.4
5654 Terni                            75.505037  2.7791518  0.19759826 129.968695  13.956499   8.807337  12.1
5655 Barney                          139.777413  2.5810971  0.03685696  20.758374 193.598481  14.480446  13.0
5656 Oldfield                         88.449569  2.4597358  0.26111644  82.091411 249.345707   4.027038  13.6
5657 1936 QE1                        286.357091  2.5852660  0.16782982 203.637788 166.937971  14.165954  12.8
5658 Clausbaader                     320.891102  2.7576200  0.05624641 106.154480 285.952588   2.799118  12.8
5659 1968 OA1                         91.161625  2.3305182  0.12412193 168.724566 211.124882   6.407777  14.7
5660 1974 MA                         352.602550  1.7860063  0.76257031 126.721647 302.531255  37.973877  15.7
5661 Hildebrand                      247.450746  3.9520973  0.24134642   2.773680 317.458363  13.317047  10.1
5662 1981 EL4                         99.583881  2.9924978  0.01720870 256.038313 308.438030   8.545790  12.3
5663 1981 EQ12                       106.793440  2.3906210  0.26764896  95.172670 240.472255   6.457212  14.5
5664 1981 EX43                        88.155649  2.3666884  0.13766663 157.615961 204.063243   5.851132  14.3
5665 1982 BD13                       247.519953  2.2418861  0.09330419 260.372132 315.143607   5.160620  13.7
5666 Rabelais                        276.751394  2.4842244  0.12177339 251.288834 242.113158   3.401094  13.2
5667 Nakhimovskaya                   115.671377  2.2773485  0.18767974 174.202693 155.771283   4.100013  13.6
5668 1984 FU                          62.356597  2.2732814  0.10775817 157.147126  23.116350   6.104920  13.7
5669 1985 CC2                        280.726274  2.2714798  0.03504490  80.392954 120.102058   3.749219  13.5
5670 1985 VF2                         21.108073  3.1817314  0.10364030 199.448461 270.977240  19.830761  11.3
5671 Chanal                            2.614386  2.6411714  0.08568209 279.638336 122.322323   3.688360  12.7
5672 Libby                           116.306994  2.4097586  0.05222892 351.294846 171.912881  10.219459  13.0
5673 McAllister                      142.804448  2.3435322  0.06219605 334.471501 338.858633   1.604608  13.2
5674 Wolff                            98.124832  2.3577716  0.16527771 311.445033  39.993285   1.708238  13.5
5675 1986 RY5                        134.251018  2.3660707  0.13860730  77.147125 227.778792   5.726682  13.5
5676 Voltaire                        357.572777  2.4858700  0.17719978 148.182114 207.608229  13.963849  12.4
5677 Aberdonia                        41.101682  2.8347382  0.05832590 219.159950 201.360516   1.491640  12.4
5678 DuBridge                          1.655450  2.7294663  0.27686211 297.406977  48.189480  34.083490  12.9
5679 Atsukadou                         5.086352  2.8966076  0.04337039 129.240567 182.849151   2.037827  13.0
5680 1989 YZ1                        230.543973  3.1566030  0.15637202  14.259123  46.761377   1.652972  12.4
5681 1990 RS17                       167.098111  2.2002091  0.18930194   6.752943 323.128240   5.198317  13.5
5682 1990 TB                          85.533684  2.2965485  0.29935500 138.128489 213.039053   7.948245  14.0
5683 1990 UD                         140.813382  2.2124613  0.21609236 296.777414  65.831834   4.788647  14.0
5684 1990 UB2                        176.315193  2.2209187  0.21705189 221.420937  91.409583   5.557564  14.3
5685 1990 XA                         137.679598  2.8032977  0.09138489 265.975441 277.594532   7.701848  11.7
5686 Chiyonoura                       54.405289  2.3837184  0.20965790 195.082961 207.555367   1.451824  13.8
5687 1991 AB1                        250.352181  3.0058887  0.17586003 241.204494 130.615550  12.427869  11.0
5688 Kleewyck                        359.430974  2.6178265  0.15956367 244.616993 141.789718   4.032906  13.2
5689 Rhon                             98.920338  2.7564127  0.11276795 217.769631 234.725415   5.008271  13.7
5690 1992 EU                         174.837934  2.7984193  0.38079901  81.359673   1.331285  29.017990  12.5
5691 1992 FD                         229.608782  2.3328666  0.11770064  34.442818 175.984304  26.227754  14.1
5692 Shirao                          134.546103  2.6579677  0.17896243  42.675667 182.054800  11.958980  12.3
5693 1993 EA                          81.603401  1.2717889  0.58541764 258.643356  97.228376   5.055094  17.0
5694 Berenyi                          35.170869  2.6080810  0.17004805  80.010525 227.745253  12.225663  13.3
5695 Remillieux                      209.934988  2.6464840  0.13780857 272.178756 174.510963  12.721766  13.0
5696 Ibsen                           273.471092  3.1990607  0.15515636 278.970205  20.477929   3.347270  12.5
5697 Arrhenius                       347.611933  3.1447216  0.05768507 111.534402 171.213982  13.713438  12.0
5698 Nolde                           318.398424  3.1115677  0.12431957 154.796113  74.255896   1.563854  11.8
5699 Munch                           182.802127  2.4037102  0.17336600 148.118044 257.888597   4.324127  13.9
5700 Homerus                          58.067334  2.5976529  0.16471876 124.828730 163.843918  12.944370  13.5
5701 1929 VS                          21.508310  2.7530016  0.19133821 347.253233  35.224080   6.228906  12.7
5702 Morando                         245.836423  2.2609382  0.12651887 223.871691 353.139203   5.336095  13.6
5703 Hevelius                         30.110042  2.5828739  0.17477644  12.983061  36.952101  14.255546  13.0
5704 Schumacher                      139.000227  3.2195918  0.11437637  26.177142 152.852233  11.735665  11.8
5705 1965 UA                         126.616328  2.3149003  0.22548139 351.100378   2.381189   4.691758  14.1
5706 1971 SS1                        277.573742  3.1225772  0.19941262 356.437130  68.184984   1.584140  12.7
5707 1976 GY3                         12.409086  2.1868848  0.06549911 318.169200 190.601834   4.338180  13.3
5708 1977 TC1                        187.485881  2.1795436  0.21120446 115.775888 224.194413   3.236674  14.3
5709 1977 TS3                        306.417258  3.0732815  0.25506691 261.485556 113.999816   4.201190  12.0
5710 1977 UP                         181.049049  2.1769953  0.15100278   1.707002 358.345530   3.374626  14.2
5711 1978 SO4                        236.566935  3.9463067  0.16781279 298.944346  14.777792   6.375029  11.1
5712 1979 SR                          40.016430  2.7711413  0.16944594 128.705781 206.547518   8.578471  12.7
5713 1982 FF3                         77.425260  2.2147301  0.11989808 151.388862 276.808654   1.642653  13.2
5714 1982 PR                         288.151036  3.1268383  0.20328935 339.696858  30.596065   1.083256  12.0
5715 Kramer                          270.118394  3.1918128  0.16521643  94.289390 284.050738   3.995633  12.2
5716 Pickard                          88.907442  2.3783710  0.19297526 146.634256 257.473990   2.277068  13.7
5717 Damir                           131.826256  2.3967168  0.21532429 335.495580 355.707043   2.273302  14.4
5718 1983 PB                         191.124037  2.2138952  0.23085935 243.029028  73.483839   6.089846  14.9
5719 1983 RX                         210.451906  2.2174548  0.16922721 339.138568 319.962486   4.367972  13.4
5720 Halweaver                        75.459027  2.2923581  0.30787849  81.830255  48.083722  23.479175  13.5
5721 1984 SO5                         15.896172  2.6837944  0.12221464 247.788896 141.959352   4.669439  13.1
5722 1986 JS                         209.696108  2.2194296  0.15446402 141.326654 128.781637   6.387388  13.3
5723 Hudson                          158.885442  2.2732210  0.24447919 193.908209 163.319965   5.580495  14.2
5724 1986 WE                         322.919709  2.4388213  0.19173225  41.615617 100.507591   6.362687  13.0
5725 1988 BK2                        118.698732  2.6796626  0.05670391  77.733973  55.424450  22.571025  12.5
5726 1988 BN2                        232.180069  2.3485104  0.15836251 162.882925  69.203427  25.267635  13.3
5727 1988 BB4                        307.334583  2.3289110  0.07696979 256.884518 270.176049   6.206047  13.3
5728 1988 BJ4                        128.762948  2.2626099  0.09342031 226.991241 154.568270   4.237398  14.0
5729 1988 TA1                        272.368297  3.0657851  0.10134375 203.548294 203.896991  10.249218  12.3
5730 1988 TP1                          3.547014  2.9143121  0.10401424 266.701175  90.217677   1.856595  12.3
5731 Zeus                            269.268373  2.2653158  0.65291775 216.801109 281.910924  11.438099  15.8
5732 1988 WC                         290.296952  2.2222610  0.40375723 253.123258 240.833206  22.469565  14.1
5733 1989 AQ                         273.716347  3.1956015  0.16859422 337.189339  80.402773   1.978315  11.9
5734 1989 AL1                        236.187488  2.3481466  0.07078192  11.257473  98.582907   7.447726  13.4
5735 1989 LM                         207.185021  2.2863320  0.14857323 356.257204 282.753602   5.074564  13.6
5736 Sanford                         142.236461  2.3762296  0.27441777  90.808418 224.042155  21.614993  13.4
5737 1989 SK                          35.247648  2.5293992  0.21431404 104.643945 323.258778   5.836420  13.2
5738 Billpickering                   296.971723  2.7363064  0.47900607 246.283918 239.557616  21.780254  14.1
5739 1989 WK2                        302.226452  2.7835840  0.32267754 299.842344 143.885090  25.236327  13.1
5740 1989 WM3                          5.019551  2.6275835  0.19051138  19.182566  49.355165  13.531913  12.7
5741 1989 XC                         325.293528  2.8657993  0.10770785 299.206951  83.575050   3.230855  12.1
5742 1990 TN4                        350.027957  3.1023326  0.08506893 117.120458  78.149770  14.425491  11.6
5743 Kato                             68.580254  2.2360122  0.10139490 107.969350 334.071626   3.054339  13.2
5744 1990 XP                         136.375704  2.2212768  0.13928875 219.743682 188.887209   4.837508  13.8
5745 1991 AN                         157.026010  2.1910858  0.15922592  28.101124  23.371896   4.889369  14.1
5746 1991 CK                         138.648865  2.3303536  0.21537947  15.791457 356.730662   5.067443  13.0
5747 1991 CO3                         50.585409  2.3991810  0.23921780 170.801229 282.286287  24.572570  12.5
5748 Davebrin                        342.267122  2.5587479  0.14760812 263.813368 176.671149  12.924056  13.0
5749 1991 FV                          14.472489  3.0095448  0.07911718  42.122877 265.622994   9.579967  10.7
5750 1991 GG1                        228.139254  2.9952058  0.05003891 138.572242 333.578335   9.913755  11.3
5751 Zao                              32.792432  2.1036802  0.42262770  25.166080 121.794505  16.068163  14.8
5752 1992 CJ                         252.454373  2.2439664  0.12333186  39.341839 203.960749   5.510339  13.4
5753 1992 EM                         225.888726  2.2668400  0.16376159 305.189470 327.604842   8.610973  13.2
5754 1992 FR2                        171.456906  2.2678293  0.14108419 226.330732 105.575528   5.537138  13.0
5755 1992 OP7                        335.123641  3.0218347  0.11676221  78.891626 309.176673   9.272119  11.5
5756 Wassenbergh                      50.790431  2.5800663  0.22838631 142.639077 198.293878   7.565462  14.1
5757 Ticha                            38.256112  2.9425166  0.18298477 244.449663  38.397869  13.676910  12.0
5758 1976 QZ1                        172.052808  2.2478944  0.06168324 264.060807  62.629698   6.766803  13.7
5759 Zoshchenko                      101.929652  2.8851637  0.03394698 239.275306  57.864016   2.996337  12.4
5760 1981 EX13                        11.318247  2.9717735  0.09726582 105.102864 210.660151   9.556385  12.7
5761 1981 ED21                       347.896030  2.7419392  0.35116701  97.173640 345.910088   9.240935  14.3
5762 1981 EG28                       139.121622  2.3387255  0.13472210 157.080296 191.909610   4.826875  14.1
5763 1982 MA                          40.626510  2.4563559  0.16801940 129.919759 169.139787   0.254414  14.1
5764 1985 CS1                        246.895668  2.2764528  0.21395516  76.504539 173.120989   4.950527  13.2
5765 1986 GU                         351.810186  2.6374519  0.26929743  58.579751  81.693162  31.394014  12.9
5766 1986 QR3                        193.091435  2.3019467  0.08466960 252.546922  28.747822   4.752346  13.2
5767 Moldun                          208.450931  2.2718347  0.18581206 104.687359 188.205629   4.451943  14.0
5768 Pittich                         322.784829  2.3730012  0.07137352 272.283621 235.677661  11.925002  13.0
5769 Michard                          51.650805  2.9937526  0.09955352  25.797227 294.045423   9.026788  12.2
5770 1987 RY                         324.420734  3.2248320  0.16477439 253.376071  62.656883   0.391201  12.2
5771 Somerville                      329.194000  3.1259995  0.23286941 101.321213 288.779574   8.237233  12.4
5772 1988 LB                         148.452604  2.5523017  0.13103464   7.576906 275.545927  12.273132  12.2
5773 1989 NO                         263.536750  2.252870  0.152273135 263.549264 356.010786   4.766771  13.3
5774 1989 NR                         231.594148  2.2068610  0.08381198  27.572959 311.625622   9.442592  12.9
5775 1989 SP                          66.431564  2.5691750  0.18826676 134.939945 204.974305  11.211783  12.5
5776 1989 UT2                        128.081662  2.5741682  0.17007780  58.075344 224.612657  12.173840  12.8
5777 1989 XF                          82.721926  2.5619540  0.20595987 254.737791 113.496292   8.720381  13.0
5778 1989 YF5                        118.572981  2.5847339  0.12916785  57.492421 279.833028  14.055283  12.3
5779 1990 BC1                        249.595258  3.0158680  0.07743198 309.845191 148.280044  10.940029  12.0
5780 Lafontaine                      306.277002  3.3568106  0.11615071 118.930396 233.739334   8.664544  11.8
5781 Barkhatova                      127.164116  2.1364930  0.03833353 171.146533 259.336599   2.707963  12.9
5782 1991 AF                          88.747092  2.2836376  0.08822737 181.187759 247.635036   5.573639  13.7
5783 Kumagaya                         63.496252  2.2521300  0.03191610 206.068897 300.481568   5.810870  13.1
5784 1991 CY                         254.224105  2.6400692  0.12289478 228.050511 290.421009   9.450494  12.7
5785 1991 FU                         298.245478  2.5856703  0.10964015 188.738283 311.094093  12.685323  11.8
5786 Talos                           144.737834  1.0816050  0.82688845   8.280376 161.362464  23.250152  17.0
5787 1992 FA1                        252.444574  2.2518658  0.12264718  24.152433 243.183535   4.207287  13.5
5788 1992 NJ                         277.676297  3.1966394  0.07021982  22.917624  26.976919  22.814291  12.2
5789 Sellin                           25.493852  2.5678067  0.23931204  74.114681 353.605990   5.068415  13.6
5790 Nagasaki                         70.575549  2.5690694  0.12710342 330.390875  15.664501   2.312625  14.0
5791 Comello                         299.276881  2.8877622  0.02036056 305.306619 140.021389   2.825559  12.7
5792 Unstrut                         125.561246  2.4122684  0.20327957 284.059024 105.500099   6.258110  13.6
5793 1975 TK6                        105.864788  2.6531191  0.17641941 259.333291  78.524849  13.445919  12.6
5794 1976 SW3                        321.040102  3.1338270  0.17342031 216.819511 173.844768   5.300015  12.4
5795 1978 SH1                        264.046588  2.2612324  0.15577235 333.859764  68.689208   8.393668  13.8
5796 1978 VK5                         61.416509  2.4507966  0.06131169  59.891227 343.764266   1.973270  13.3
5797 Bivoj                            37.738871  1.8927842  0.44361867 168.273475 299.160017   4.186814  19.1
5798 1980 RL7                         87.869615  2.5750424  0.09567043 143.295683 247.539659   8.719504  12.4
5799 Brewington                       81.933261  2.6213207  0.17188430 332.489850  14.266674  12.445502  14.0
5800 1982 UV1                        336.528404  3.0948568  0.17789775 252.868010 113.086229   2.980973  12.6
5801 1984 BK                          68.282354  2.3720532  0.10192183  80.938238 304.626688   4.239504  13.1
5802 1984 HL1                        100.943689  2.2710897  0.15639337 122.895326  19.371586   2.403661  13.7
5803 1984 OA                          64.399391  2.6394261  0.21872629 207.249252 133.703794  16.663074  12.0
5804 1985 RL1                        152.776269  2.4250870  0.16584200 122.135860 213.530818   9.784925  13.4
5805 Glasgow                         293.852131  2.6027650  0.11505764 253.401402 276.371775  11.888687  12.4
5806 Archieroy                       268.678382  1.9628596  0.03679927  97.007597 301.009743  20.822046  13.2
5807 1986 QA4                         94.984250  3.0446523  0.11576227 197.656883 130.144357   2.091743  12.5
5808 Babel'                           28.789370  2.9985834  0.11139443 208.035334 144.064826  10.885115  12.0
5809 1987 RG6                        130.071247  2.8736585  0.04250702 194.351389 110.328611   3.498114  12.3
5810 1988 EN                         196.866910  2.4323016  0.23150733 101.792476 158.063634   5.056855  13.8
5811 Keck                            105.126829  2.5964963  0.30596320  95.253499 228.127985  10.274541  13.0
5812 Jayewinkler                     157.622550  2.5973687  0.11790771 340.019796 317.115441  14.625608  13.1
5813 1988 VL                         145.288828  2.6013825  0.16947136 161.163310 191.864644  11.227454  12.5
5814 1988 XW1                        343.561404  3.0245718  0.10822845 311.055301  69.487854  10.674266  11.5
5815 Shinsengumi                      12.706261  3.1911571  0.04332322 238.730840  98.609743  22.855437  11.8
5816 Potsdam                         348.508920  3.0576163  0.08833167  87.667181 317.509769   8.588173  11.7
5817 1989 RZ                          96.969848  2.4099184  0.33806688  82.015798 340.949165  21.142400  12.6
5818 1989 RC1                        128.768824  2.3743672  0.27393231 256.997576 114.860225  14.108843  13.2
5819 1989 UZ4                         32.494444  2.5291951  0.16217369 277.638603 151.732144   5.609504  13.6
5820 Babelsberg                      207.098182  2.4545751  0.11126544 226.638822  51.457986   2.521586  13.6
5821 1989 VV                         114.865400  2.4494757  0.13893091 292.128834  85.607930   1.693323  14.2
5822 1989 WL                          90.688121  2.4090083  0.17464668   4.389854  81.849999   5.835577  12.9
5823 Oryo                              7.541557  2.7740203  0.16112416  87.666191 309.023737   7.985090  12.8
5824 Inagaki                         359.469463  2.6292318  0.12183795 172.786599 298.866981  12.688376  12.4
5825 Rakuyou                          18.864515  2.6576505  0.16806926 293.176393 145.961526  12.097853  12.5
5826 1990 DB                         114.774335  3.0743051  0.13796558  93.886429 157.746998   2.479061  11.5
5827 1990 VB15                       149.429165  2.1848149  0.12983093 283.688893 105.522476   3.703164  13.5
5828 1991 AM                         100.302284  1.6975860  0.69560584 152.567108 125.599628  30.040686  16.3
5829 Ishidagoro                      101.268457  2.2174979  0.08840254 146.520600 348.491077   5.785457  13.8
5830 1991 EG                          76.274988  2.2733259  0.20404542  81.056844  48.487451   5.270321  14.4
5831 1991 JG                         213.613887  2.6880692  0.14159532 165.554263  64.062446  12.771655  12.2
5832 1991 LE1                        140.661737  2.6250075  0.11714977 262.638056 110.789141  28.200923  11.6
5833 1991 PQ                         266.478825  3.5030996  0.03425079 128.691714 307.362457  19.362355  10.7
5834 1992 SZ14                       122.859261  2.8912970  0.10083150  61.670953 229.773846  10.345800  11.9
5835 Mainfranken                     289.450154  3.2075648  0.15083567 194.783249 253.068167   4.973937  12.9
5836 1993 MF                         104.337216  2.4434001  0.53226915  74.797062 241.153437   8.031299  13.9
5837 Hedin                            29.702370  3.1372668  0.12583714 151.154712 105.550394   2.174025  12.5
5838 Hamsun                          135.426127  2.5498380  0.13630462  60.292553 186.634516  14.346738  12.1
5839 1974 SJ3                        288.580334  2.7580947  0.08510145 142.983682   4.908846  16.980901  11.8
5840 1978 ON                          84.935592  2.7470622  0.10330443 341.712665  25.674739   3.355117  12.2
5841 Stone                           307.078256  1.9260281  0.10465180  45.006051 343.670218  20.098850  13.9
5842 1986 CV1                        131.503859  2.5851671  0.12577014  59.266624 295.657999  13.939494  12.7
5843 1986 UG                         199.877222  2.2104689  0.14714997 266.446902 131.350911   2.387212  14.2
5844 1986 UQ                         339.244706  2.1177741  0.12427075  93.819016 235.501798   2.233129  14.0
5845 1988 QP                         125.021097  3.1132295  0.04012028 202.756421 294.060587   8.051057  12.2
5846 Hessen                          182.837416  2.4339478  0.14073340  59.963444  58.225936   1.572141  14.6
5847 1989 YB                          72.030545  2.5445598  0.30117430 101.079141 276.771389   6.585155  12.7
5848 Harutoriko                       14.026759  2.6548693  0.16224016 228.791793 223.562590   2.757648  13.0
5849 1990 HF1                         70.913633  3.1807095  0.01019133 185.394682 129.952288  22.504268  10.2
5850 1990 XM                         180.623145  2.1631051  0.17348261 257.998914 114.641634   2.347727  14.1
5851 1991 DM1                        175.214471  2.5966467  0.17904614 127.624022 164.359522  13.289326  12.0
5852 1991 HO                         170.170485  2.7413536  0.21073345 177.728397  78.861877  18.598487  12.3
5853 1992 QG                         264.329867  2.4112808  0.06797081 108.271903 163.835139   7.357256  12.8
5854 1992 UP                         146.635163  3.1694250  0.13956535 167.052586  69.436844   2.500856  11.3
5855 1992 UO2                        185.394743  2.5541488  0.15249589 323.515307  20.939372  15.520669  11.8
5856 1994 AL2                         95.119077  2.6033869  0.11024776 287.581393 105.844901  16.067720  12.9
5857 1975 TM2                        261.482637  2.2590865  0.13444361 193.144217 171.098119   2.201671  14.1
5858 1978 SU5                         84.327416  2.3144294  0.04567229 303.589629 225.598038   5.862439  12.5
5859 1979 FD2                         40.965762  2.4294682  0.15174501  29.947888 142.392382   2.714371  13.7
5860 1981 QE1                        123.147392  2.4280537  0.19964734 137.696691 264.336073   1.523693  14.2
5861 Glynjones                       291.594455  2.2236512  0.18764885 353.717056 327.009875   2.121680  14.3
5862 1983 AB                          53.768629  2.3847445  0.15281681  63.723227  90.071415   3.393324  13.7
5863 Tara                            189.874125  2.2220437  0.50612540 114.842039 169.466999  19.428970  15.5
5864 Montgolfier                     243.247751  2.5602523  0.31786278 157.419737 149.459147   8.227097  14.3
5865 Qualytemocrina                  233.124800  2.4072720  0.13081277 181.139893 197.172606   7.607043  13.6
5866 Sachsen                           5.516063  2.7891523  0.07894314 247.824361 141.693630   5.095467  13.8
5867 1988 RE                          32.458807  1.8212760  0.25246441 105.552983 202.269574  35.065750  15.2
5868 1988 TQ                          83.064656  2.6800478  0.19985853 276.241547 101.713794   3.132283  13.6
5869 Tanith                          314.183137  1.8123536  0.32063859 230.591358 228.026496  17.933014  17.0
5870 1989 CC1                         47.549570  2.7933184  0.41868422 271.660549 154.239265  28.953084  12.9
5871 Bobbell                          11.180590  1.8617771  0.07122330  59.592138 320.261663  20.351768  13.9
5872 1989 SL                         221.344626  2.2489774  0.13290099 131.049847 242.609828   6.605320  13.6
5873 Archilochos                     273.213163  2.1991637  0.18608125 203.363427 133.192525   4.787316  15.0
5874 1989 XB                         116.802340  2.3843678  0.22177166 296.460496 135.533958   7.077200  13.6
5875 1989 XO                         120.035339  2.3792572  0.04975255 152.006362 287.471907   6.462278  12.3
5876 1990 DM2                        209.850734  2.7671072  0.03954159 306.046926 292.526444   2.688768  12.1
5877 1990 FP                         349.760025  2.5555696  0.12453623 112.660342  92.718881  16.299413  11.8
5878 Charlene                         10.546099  2.3079058  0.15033451  54.688454 148.349029   6.560589  12.8
5879 1992 CH1                         34.101177  1.6246226  0.28953007 355.548759 145.950430  21.575795  17.9
5880 1992 MA                          18.922865  3.0890810  0.15592904  91.998937 202.572966   0.379106  12.3
5881 1992 SR12                        59.444353  2.8521496  0.07953239 338.074404  48.710742   2.691021  12.3
5882 1992 WW5                        113.376123  2.8451346  0.08544790 175.694320 178.182058   1.840294  13.8
5883 1993 VM5                        267.999917  3.1607823  0.18049793  15.899904  39.877708  17.507965  11.7
5884 Dolezal                           8.315255  2.7698435  0.19664893 240.966323 204.805390   7.219102  13.1
5885 Apeldoorn                       339.305536  3.1158364  0.06070260  40.957325 161.158038   5.664421  11.9
5886 1975 LR                          80.616629  3.0102815  0.10319482 271.936242  78.943706  11.475718  11.6
5887 1976 SG2                        181.987333  2.2084800  0.12663953 234.722916 186.134064   5.670247  13.7
5888 1978 VU7                         72.953906  2.8364967  0.09262671  54.430816 333.514166   1.259043  12.4
5889 Mickiewicz                      194.686463  3.0429137  0.15935121  41.735082 182.206987  19.189304  11.7
5890 Carlsberg                        51.527486  2.6777854  0.18477645 239.098170 124.571496  13.824208  12.1
5891 Gehrig                          116.034221  2.4351976  0.13122326 110.156695 300.827165   3.337180  13.3
5892 1981 YS1                        181.268669  2.3834367  0.30260539 291.000165 153.879975   4.585417  13.6
5893 1982 EF                         295.750564  2.6063645  0.08870854  25.152245 172.070460  14.037651  13.0
5894 1982 RM1                         74.192132  2.1893693  0.09403391 278.224896 313.751700   5.175824  13.5
5895 1982 UF2                        206.031910  2.2886712  0.13365146 156.419573 225.395824   5.440659  14.1
5896 Narrenschiff                    167.503155  2.2846663  0.01255536 335.324115 104.906202   3.097061  13.8
5897 1984 SZ1                        104.041738  2.5783933  0.18047470  89.023011 309.787088   3.177076  13.6
5898 1985 KE                          72.058552  2.9254133  0.12971754 163.503089 229.004541   3.046260  13.1
5899 Jedicke                         318.694548  1.9288424  0.11698643 263.477657 125.455027  24.008684  14.0
5900 Jensen                           65.035997  3.1383474  0.22156059  35.280944 302.429105   9.077715  12.1
5901 1986 WB1                        110.916215  2.2371771  0.11992088 246.286461 248.193511   3.683497  13.9
5902 Talima                           13.791062  2.9916325  0.11899888 238.349297 139.818202  11.200770  11.5
5903 1989 AN1                          8.041827  2.7442265  0.09555354  92.739413  46.183461   2.103663  12.7
5904 Wurttemberg                      23.382117  2.8402779  0.11365819 140.524454 314.303646   3.062476  12.9
5905 Johnson                           6.590473  1.9105360  0.07204275 208.551289 141.378251  27.520390  13.2
5906 1989 SN5                        159.727096  2.2833076  0.23094517 206.912427 210.105372   3.416124  15.0
5907 1989 TU5                         29.877826  5.1610896  0.09758870 140.189042 107.732569   1.920919  11.1
5908 1989 UF                         185.280053  2.2541461  0.17573524 206.335877 206.916108   5.982231  14.2
5909 1989 UT                         209.849265  2.2423573  0.19426367   2.747552  33.135345   7.146388  13.8
5910 Zatopek                         171.957205  2.2801485  0.13770156 290.817385 134.054774   5.003891  13.6
5911 1989 WO7                         93.029550  2.2523238  0.09012215  84.266995  92.923641   4.703028  13.1
5912 1989 YR                         104.769311  2.4054553  0.16774815 335.289597 116.226061   3.364938  13.9
5913 1990 BU                         131.390069  2.6021339  0.18701723  29.314078 324.188835  12.106908  12.0
5914 1990 WK                         108.436309  3.5419717  0.08812282 253.964058  73.734934  10.387132  10.8
5915 Yoshihiro                       123.433066  2.2518688  0.09959451 359.014326 102.885389   4.798784  13.7
5916 1991 JD1                        323.322951  2.3212118  0.11449637  27.250109 256.483078   9.288682  12.7
5917 1991 NG                         219.933088  2.5956539  0.13756341  37.646161 276.160015  14.273328  11.3
5918 1991 NV3                        115.484463  2.8440908  0.08223890 267.940839  85.909414   3.214220  12.5
5919 1991 PW12                       198.628921  3.2018923  0.11423461 189.392623   6.326075   0.668193  11.6
5920 1992 SX17                       349.690857  3.1293471  0.12648209  58.824249 348.278897  19.467568  11.0
5921 1992 UL                          26.799656  2.1889902  0.12637903 294.161243 328.639811   3.450793  13.6
5922 Shouichi                         48.130826  3.0018975  0.10970767 144.010200 232.640929   7.837585  11.8
5923 1992 WC8                        260.038455  2.8535268  0.01564151 117.418319 102.801750   3.270410  12.6
5924 Teruo                            61.310141  2.3453634  0.10978290  68.031281 109.694655   4.090501  13.0
5925 1994 CP1                         37.233647  2.3708471  0.18635041 141.186752  66.833314   4.424648  12.8
5926 Schonfeld                        21.858801  2.3517590  0.23617693 183.530590 159.619036   3.965327  14.1
5927 1938 HA                         217.952241  3.1447087  0.21050299 218.964442  39.998959  11.196590  12.8
5928 Pindarus                        123.402300  3.9733442  0.12285919 109.290373 164.478202   9.274851  11.4
5929 1974 XT                         205.100977  2.3574247  0.30314506 277.820074 126.560352  23.034044  13.6
5930 Zhiganov                        344.040422  2.2491189  0.09033339 148.549778 141.208667   4.815908  13.5
5931 1976 GK3                         43.572014  3.1900365  0.18785846 267.129239 195.993799  16.861319  11.5
5932 1976 GO3                         71.547934  2.6354126  0.09282462  90.516921 113.008821   2.173681  13.6
5933 1976 QN                         352.124740  2.1556806  0.14679196 285.240972  12.466170   0.152283  14.5
5934 Mats                            315.482858  2.3851701  0.21620186 207.968850 172.458924   2.310092  13.4
5935 1977 EF1                        355.196791  2.6068320  0.09629402  28.970780 186.841838  13.917010  13.3
5936 1979 FQ2                        214.207698  2.9996887  0.05346803 187.644595  58.084623  10.799439  11.9
5937 Loden                           218.152557  2.2602089  0.13016982 327.033757  35.976602   3.622690  13.7
5938 Keller                          266.244886  2.3378910  0.07296207 349.583920 328.505335   3.563545  14.1
5939 1981 EU8                         54.297584  2.7402312  0.13760243  80.785548 323.501317   9.365209  13.2
5940 1981 TJ4                        124.152684  3.0355761  0.10964968 299.126611  27.708259  11.085472  11.7
5941 Valencia                         64.822090  2.8884862  0.05911007 193.969547 217.478027   1.290994  12.8
5942 1983 AN2                         66.707781  3.0272446  0.12881659 292.210856  77.995380  11.099653  11.1
5943 Lovi                             74.296850  2.2216601  0.10953091  86.758832 128.279452   5.934818  13.9
5944 Utesov                          207.123689  3.0198869  0.05834105 216.535757  55.475350  10.836273  12.2
5945 1984 SQ3                         96.664951  2.2254350  0.14447571 297.559700  22.032114   4.897314  13.4
5946 1984 UC1                        232.629409  2.3412355  0.12423736 221.410151 253.163617   2.557592  14.0
5947 1985 FD                         333.931689  2.6599719  0.14816091 142.343270  93.322729  14.901873  12.5
5948 1985 JL                         342.435658  2.7380840  0.22361393 125.722708  76.565408   9.523487  13.4
5949 1985 RL3                        350.047577  2.2672134  0.10422825 175.688118  83.308928   7.315077  13.4
5950 Leukippos                        95.932149  2.9799981  0.10277327  28.641541 317.775224   9.094188  12.7
5951 Alicemonet                      217.712193  2.1971574  0.21824236 285.955607  88.551090   5.371808  13.5
5952 Davemonet                        74.930766  2.2704622  0.11061860 269.768947 308.034596   4.069060  13.6
5953 1987 HS                         350.480110  2.3182806  0.16786048 163.427022 137.898423  24.028405  13.3
5954 Epikouros                        13.097184  2.4483223  0.17095381 248.024504 329.005009   6.533822  13.1
5955 1987 RT3                        329.888690  2.8032528  0.09523621 189.243247 318.413551   7.946107  12.6
5956 d'Alembert                      231.201851  2.7118860  0.29132818 182.984148 188.973200   8.959700  12.7
5957 1988 JN                         250.689129  3.2279442  0.11705194 103.341532 150.398089  22.911956  12.0
5958 1989 BS1                        292.091424  2.3490168  0.13017987  74.972671 335.339146   2.576178  13.7
5959 Shaklan                         222.716454  3.1838547  0.10738397 147.119185 135.718803  17.894619  11.0
5960 Wakkanai                        258.778754  2.1884453  0.15396027 330.663898  43.648808   4.320626  13.5
5961 1989 YH1                         65.235974  2.4017783  0.14732085 201.241948 324.240278   1.634598  13.6
5962 Shikokutenkyo                    40.949909  2.5661878  0.11263686 323.937235 197.935217  12.901969  12.4
5963 1990 QP2                        162.708901  2.8455198  0.05311822  61.615670   0.894777   1.709615  12.4
5964 1990 QN4                        138.875120  3.0714668  0.29945428 211.953895 173.312477   3.370256  12.0
5965 1990 SV15                       190.673416  2.7354027  0.05112254 190.321170 224.971541   3.348844  12.4
5966 Tomeko                          227.298680  3.0187710  0.08119005 281.203346  53.754601   3.623600  12.5
5967 Edithlevy                       164.897534  1.9415347  0.05546411 109.975256 125.909643  24.103451  13.8
5968 Trauger                         285.208729  1.9083713  0.02564927 335.199610 188.995141  23.726013  13.4
5969 Ryuichiro                       286.226837  2.3232701  0.12333054 291.229788   4.952333   7.462334  13.4
5970 Ohdohrikouen                     34.677195  2.2036286  0.16338420 166.474982 122.695409   4.326483  13.5
5971 1991 NT2                        257.474472  2.6005220  0.16455712   0.698417 290.610976  12.322731  12.0
5972 1991 PS12                        64.787331  2.6805407  0.08126201 323.045370 153.446956  13.859158  11.7
5973 1991 QC                         278.260094  2.5592565  0.15944224  58.360350 229.536713   3.622213  12.9
5974 1991 UZ2                        273.975857  3.1246889  0.15613523  48.005672 158.302361   1.854152  12.2
5975 1992 SG                          82.837185  2.5514621  0.09285761  85.438618 359.332006  14.970814  12.8
5976 Kalatajean                      223.908808  2.6814596  0.14099949 235.223627  17.771269  13.368468  11.8
5977 1992 TH1                        145.027034  2.5469100  0.15261615 240.855615 143.983057  15.410415  12.3
5978 1992 WT                          35.340983  2.2298589  0.11170806 205.065085  58.792566   6.663522  12.9
5979 1992 XF                         317.426101  3.0283513  0.09589959 222.881589 278.153595  10.398137  12.0
5980 1993 FP2                         11.672299  2.2529896  0.15148523  24.795899 349.570283   3.781826  13.1
5981 Kresilas                         88.449922  2.7635642  0.21861905   2.410490 354.956282  10.327008  12.9
5982 Polykletus                       42.724050  2.7520127  0.19983958 292.534882 185.314184  11.336744  12.7
5983 Praxiteles                       66.072709  2.8013879  0.13045133  45.166655  10.051843   9.066524  13.3
5984 Lysippus                         16.082594  2.3812392  0.10989570 110.778400 115.749432   5.707964  13.9
5985 1942 RJ                         332.677712  2.2160257  0.23017798  58.613115 285.282697   5.845867  13.1
5986 1969 TA                         342.449754  2.3704227  0.12117581  94.766173 234.091995   7.453973  12.9
5987 1975 LQ                         342.239919  2.4317736  0.15691286 144.795313 163.787717   5.417210  14.0
5988 1976 GN2                        324.858199  2.6830886  0.15448960  93.410067 178.315939  12.914504  12.9
5989 1976 QC1                        339.765450  2.1594623  0.18608578 340.661770 332.781279   1.865959  14.6
5990 1977 EO                          77.412452  2.2429704  0.09456662 224.206392 344.662310   7.027231  13.6
5991 1979 HE3                         57.635111  2.4122424  0.13564169 134.921783  58.098479   3.224979  14.2
5992 1981 DZ                         326.616248  2.6787024  0.08840399 317.588114 241.596170   8.955460  13.5
5993 1981 EU22                       140.897612  2.1767520  0.06798907 196.707508 339.883399   1.931155  14.0
5994 1981 SZ7                        211.854959  2.8546900  0.22526878 302.110035  32.180690  13.588985  11.8
5995 1982 DK                         330.734916  2.5933486  0.26168741  83.223184  98.209229  12.237744  13.1
5996 Julioangel                      238.627079  2.5584280  0.13067475 352.049164 313.104984  15.408911  12.6
5997 1983 TH                         170.735675  2.2096911  0.17359186 330.010354  48.391524   7.553063  13.8
5998 1986 RK1                        167.954653  2.7638303  0.12141703 226.425415 165.292981   4.584230  13.1
5999 1987 HA                         121.285082  2.2795175  0.30542205  70.970459  71.450507  23.192429  14.3
6000 United Nations                  213.480206  2.6016072  0.18595914 316.199602  52.321154  14.434971  11.5