6501 1993 XD                         152.680551  2.3210982  0.12077006 227.577079 149.150555   6.512914  15.1
6502 1993 XR1                        143.506780  2.2972509  0.13637888 247.519467 153.799201   5.275500  13.6
6503 1994 CP                          55.590620  2.8454160  0.03261664 266.008900 135.631206   2.928459  12.3
6504 Lehmbruck                       340.421948  2.4212064  0.16302294  32.733795  10.893844   6.087866  13.8
6505 1976 AH                         313.194533  3.2023851  0.18559186 255.693197 258.115175  17.609921  10.6
6506 1978 EN10                       162.073373  2.3701599  0.05129106 231.292149 350.644591   6.395938  13.7
6507 1982 QD                         252.917705  2.2176735  0.23721108  96.250039 293.547113   4.125967  14.5
6508 1982 QM                         189.389153  2.7034439  0.20963406 211.635091 151.516638   6.183312  13.7
6509 1983 CQ3                        186.763278  2.7925061  0.23645090 102.752043 288.774840   6.396102  12.5
6510 1987 DF                         342.751514  2.3589010  0.22290702  88.598836 160.075923  23.027011  12.8
6511 1987 QR11                       331.597622  2.6003458  0.12666937 270.562349 302.129868   8.061211  12.6
6512 de Bergh                        267.087989  2.5727679  0.18250918 111.616319 185.188487  11.020538  13.5
6513 1987 UW1                        185.394353  2.6189094  0.13210847 168.302458 230.543578   8.746039  12.5
6514 Torahiko                        217.067264  2.6154019  0.24211344 142.509252 231.698472  12.377549  12.9
6515 1988 MG                         299.195777  2.2827876  0.15072725  35.621681 271.217538   2.622911  14.1
6516 1988 TC2                        267.974491  2.3362489  0.20026200  82.105066 280.383595   1.697408  14.7
6517 1990 BW                         264.999674  1.9262088  0.04765139 150.401040 126.094151  23.417479  13.8
6518 1990 FR                           3.219031  2.5908363  0.30303877  58.364479 115.054747  13.738913  12.4
6519 Giono                           344.379671  2.1960351  0.15554607 108.936020 165.957149   5.714706  14.0
6520 Sugawa                          296.576149  2.3431242  0.19629371  63.246096 237.352679   4.784912  14.4
6521 Pina                            303.430040  2.4335821  0.22310461  63.237645 211.439651   9.932321  13.7
6522 Aci                             356.127388  2.3860862  0.19679706 313.886501 294.761199  22.103512  12.8
6523 1991 TC                         233.658178  2.6452236  0.42153372 284.174771 355.375954  26.563620  15.1
6524 1992 AO                         338.869914  2.3521697  0.09260595 280.351779 127.182292  22.182787  12.1
6525 Ocastron                        186.083938  2.4858364  0.10315421 142.712622 228.828693   3.249095  13.5
6526 1992 TY                         324.871843  2.2154897  0.17933764 166.608213 133.873455   5.119199  13.8
6527 1992 UF6                        254.380891  2.2567900  0.15006893 107.188670 286.319319   4.641931  13.7
6528 1993 FL24                        40.958770  2.2534052  0.17412045   4.281879 350.394089   3.063338  13.8
6529 1993 XR2                         82.816993  2.3448905  0.13194335 267.336851 208.406803   6.507481  13.3
6530 1994 GW                         279.823321  2.6574108  0.16376561 224.115582  64.506507  14.013316  12.6
6531 1994 YY                         217.145957  3.2040646  0.16615676  32.063003  79.484527   2.432704  12.5
6532 Scarfe                          336.549136  3.1735314  0.10715734 236.986346 103.235595   5.082589  11.7
6533 1995 DM1                        334.972649  2.6377835  0.03730099  45.432597  48.351500  22.723766  13.3
6534 1995 DT1                        232.862197  3.1764390  0.11253546  47.665409  76.980785  23.346830  12.7
6535 Archipenko                      108.403443  2.4205589  0.17951924 272.891606 338.915109  12.239279  12.6
6536 1977 NK                         323.127763  2.3386029  0.19691950 154.485276 131.800248   6.416866  13.5
6537 1979 QK6                        321.168673  2.1782105  0.19646373 200.489475 120.233826   4.026095  14.4
6538 1981 SA5                        186.516713  2.8615071  0.08489964 145.718172 195.582355   1.478118  12.8
6539 1982 QG                         245.261774  2.6609588  0.19827299  23.967386 301.066476   2.269465  13.8
6540 1982 SL1                        290.735687  2.1956777  0.17120576 182.274141 193.045776   4.673389  14.4
6541 1984 DY                         235.757723  3.1502542  0.13117898 131.140421 359.997611   0.719789  12.3
6542 1985 CH1                        309.613914  2.3024111  0.11896832 117.906882  16.938150   3.744085  13.8
6543 Senna                           260.845519  2.2757923  0.21347782  85.543554 283.714972   4.175492  14.1
6544 1986 SD                         199.536317  2.7695089  0.10901968  21.961503 341.338531   3.392432  13.2
6545 1986 TR6                        350.202541  5.1081648  0.05267806 147.188697 278.008122  12.010035  10.0
6546 1987 DY4                        323.792036  3.2247931  0.10639745 276.422311 275.123099  14.426204  11.4
6547 1987 RO3                        244.935681  2.5419530  0.24750278 134.238473 214.632492   4.937410  14.5
6548 1988 BO4                        242.068396  3.0177496  0.06688868 347.643495 278.268281   9.314950  11.2
6549 Skryabin                        270.605378  2.3478336  0.13005447 178.233588 159.755150   7.059889  14.1
6550 1988 VO5                        163.556044  2.4080749  0.16946072  48.695641  55.922031   6.828543  13.9
6551 1988 XP                         215.007089  2.4417779  0.20821007 254.173777 136.214594   8.561597  13.6
6552 1989 GH                          32.674960  2.6666082  0.14250094  82.098753 138.606063  12.000171  12.6
6553 Seehaus                         213.849583  3.0512357  0.08310241 140.351350 135.216002  13.347238  12.2
6554 1989 UO1                        284.797504  2.1909727  0.21737065 145.664572 194.268282   4.119417  14.3
6555 1989 UU1                        175.886375  2.2188362  0.09617034 181.946282 280.459231   6.681288  13.4
6556 1989 YS6                        265.410335  2.1995644  0.13336272 286.234298 103.573852   4.986599  13.8
6557 1990 VR3                        126.633092  3.1677867  0.18165897  13.035274  43.387295   7.800381  12.1
6558 1991 GZ                          15.411434  2.2638243  0.06176660   6.559327 231.287219   3.973400  14.4
6559 1991 JP                         326.797024  2.3495817  0.24089308  57.469882 210.228863   9.709958  14.1
6560 Pravdo                          353.486683  2.3552363  0.11396306 350.187941 285.267529  23.244327  12.0
6561 1991 TC4                        250.844692  2.5899211  0.18436632 177.471209 163.466525  13.662329  13.6
6562 1991 VR3                        348.722618  2.2626959  0.22649808 294.272154 111.148106   5.166969  14.0
6563 Steinheim                       295.321020  2.2958710  0.06703752  98.397860 356.991749   5.895426  14.5
6564 1992 BB                         149.088958  1.8819242  0.26664873 330.327416 194.653830  45.284306  15.9
6565 1992 FT                         325.644571  2.1714905  0.03010473  53.249361 156.254239   2.393575  14.1
6566 1992 UB2                        256.912345  2.2769275  0.16909952 204.800505 156.697335   3.939838  13.8
6567 1992 WS                         283.264931  2.2692359  0.19661522 110.399597 235.362516   4.536181  14.0
6568 1993 DT                         197.700883  2.5447311  0.16733478 104.961486 308.884585   8.447123  14.2
6569 1993 MO                         146.527399  1.6260747  0.22090122 167.086424 111.582441  22.635809  16.5
6570 1994 JO                         304.996908  3.1346808  0.17012850 325.280095 215.538872  14.417283  12.1
6571 Sigmund                         280.522187  2.4803619  0.15262276  24.273788 287.633682   6.288745  13.8
6572 Carson                          294.436955  2.5430207  0.26724772 190.729436 141.258068   2.603961  12.4
6573 1974 SK1                        251.185237  2.5831381  0.12421087 202.080926 170.357948   2.195669  13.3
6574 1976 QE1                        274.680588  3.4005012  0.19235561 242.713545 349.512017  17.724872  11.5
6575 1978 PJ2                        141.291097  3.1297416  0.15301575 230.264081 189.523924   5.095809  12.4
6576 1978 RK1                        203.288664  3.1244610  0.17217020 268.874195  93.838263   2.630854  12.5
6577 1978 VB6                        335.455056  2.3284020  0.20128410  25.010829 245.427804  23.657392  13.8
6578 1980 TQ14                       261.887349  2.4210352  0.18730754 240.501503 141.484922   3.586400  13.9
6579 1981 ES4                        211.900702  2.6131245  0.18036806  36.186025 327.121415  15.843071  13.3
6580 1981 EW21                       349.399317  2.6255107  0.12544108   0.794446 219.793626   1.088574  15.3
6581 Sobers                          307.837647  2.2988529  0.11948043 357.597392 350.754803   6.011587  13.6
6582 1981 VS                         209.134699  2.7742999  0.29076598 204.424821 206.919975   8.930790  12.7
6583 1984 DE                         171.077980  2.6605403  0.10082556 123.169065 316.367916   6.909657  12.4
6584 1984 FK                          14.253675  2.2726913  0.09488819  80.708337 167.163906   4.740848  13.5
6585 1984 SR                         252.474458  2.3696836  0.35940664  60.160571   0.847301  22.376891  14.3
6586 1984 UK1                        144.526031  2.4446128  0.15533243 245.374430 228.495890   3.613965  13.9
6587 1984 WA4                        235.553936  2.4544695  0.06563558  32.350133 350.104050   4.936698  13.4
6588 1985 RC4                        246.595146  2.9016898  0.06416177 170.810393 141.027343   2.769857  12.6
6589 1985 SL3                        287.080118  2.2725679  0.18738672  27.105787 308.871216   5.306717  14.3
6590 1985 TA2                        124.892822  3.0266033  0.09791893 103.323000 304.731373   8.986461  11.6
6591 1986 RT5                        208.129502  2.7581412  0.12084246  72.246700 288.789572   4.517780  13.1
6592 Goya                            180.919912  2.7564735  0.16169473  87.697960 329.900514   4.214042  12.9
6593 1986 UV                         195.601840  2.7494296  0.06017083  59.815217 345.261546   4.501802  12.9
6594 1987 MM1                        104.430785  2.7772502  0.16294923 123.686544 195.130450   8.757655  13.2
6595 Munizbarreto                    257.292923  2.4288932  0.15372950  79.337909 319.111905   5.456455  13.9
6596 1987 VC1                        211.056980  2.5877853  0.08246116   6.944725  30.515835   4.915979  13.5
6597 1988 AF1                        206.277900  2.5824873  0.29639062  21.676126  52.426126   3.291937  14.7
6598 Modugno                         177.284537  2.6978624  0.23910811  97.822465 333.794505  10.173649  13.0
6599 1988 PV                         314.086058  2.2663948  0.21290862 115.439296 223.502298   5.177178  13.6
6600 1988 QW                         284.682736  2.2542693  0.20977084  87.050799 305.718052   2.826359  14.1
6601 1988 XK1                        293.582221  2.3709060  0.23760833 270.664943  72.078132   2.263169  13.8
6602 1989 EC                         315.241186  1.8706993  0.07344088  98.030896 341.046281  22.670756  12.9
6603 1990 KG                         329.062433  2.6491253  0.20603737 107.112978 114.324640  16.419256  12.7
6604 Ilias                           109.408397  2.7784737  0.04902175 342.190772 139.484405   6.416407  12.6
6605 1990 SM9                        171.760931  2.8917861  0.07680127 293.937660 108.345184   3.166738  12.5
6606 1990 UF                         200.915075  3.0999199  0.17050263 108.631010 209.192433   4.997634  12.4
6607 1991 UL2                        207.258692  2.6219326  0.11334897 282.917524 117.377543   4.679037  12.5
6608 1991 VC4                        244.350130  2.4501134  0.19252660 194.940461 222.219092  11.098848  12.7
6609 1992 BN                         210.365171  2.9978182  0.11314826 242.850667 121.659357  11.371222  11.4
6610 1993 BL3                        267.707250  2.2907074  0.17245196 350.609786  60.702130   7.902184  12.9
6611 1993 VW                         350.210141  1.6947620  0.48496991 281.078653 231.190940   8.686697  16.5
6612 1994 EM1                          2.625195  2.4226516  0.14308897 158.616595  79.579641   3.834441  13.5
6613 1994 LK                         246.028740  3.1548329  0.17983942  88.345165 199.990851  25.445365  12.3
6614 Antisthenes                     204.662771  2.4832221  0.15722594 228.699514 171.708366   5.593140  13.5
6615 Plutarchos                       75.419559  2.1696597  0.12628031  80.425938 129.456641   1.795460  14.0
6616 Plotinos                        227.064521  2.4149772  0.12192331 214.220970 188.394501   6.087757  14.3
6617 Boethius                        306.054876  2.2097114  0.13824289 281.166239  68.464733   3.425859  13.9
6618 1936 SO                         309.730495  1.8750344  0.04405183 110.214539 334.761552  23.831401  13.3
6619 1973 SS4                         52.788058  3.1725567  0.18630503 114.240556  18.155997  19.085192  10.7
6620 1973 UC                         239.125763  2.6783494  0.28065627 350.566949  23.842998   7.629588  14.2
6621 1975 VN5                        236.150601  2.5409942  0.24630835 253.507901 124.878603   7.113188  13.5
6622 1978 RG1                        159.927276  3.2261833  0.23995509 201.630701 145.805881   1.763491  13.2
6623 1979 MY2                         22.893177  2.4818698  0.13815495 325.717025 238.956323   4.538349  14.6
6624 1980 SG                         231.923353  2.4493600  0.15719547 344.541179  22.075433   7.083577  13.9
6625 1981 EX41                       140.581557  3.1692829  0.17886370 206.482453 200.828000   1.296032  12.9
6626 1981 EZ46                       187.955529  3.0255770  0.38811221   2.455452  43.399120   2.123832  14.6
6627 1981 FT                         139.648775  2.1727783  0.08269794 116.982739  60.624074   3.976019  14.1
6628 Dondelia                        159.785118  2.9059286  0.07081632 252.345961 127.621823   2.923857  12.6
6629 Kurtz                           326.695542  2.1787158  0.13889798 161.828698 212.304090   2.122762  14.5
6630 Skepticus                       304.171838  2.2315467  0.20103263 273.042693  61.733983   6.062996  13.7
6631 1983 RQ4                        249.783317  2.4681791  0.14887710 205.422307 192.235726   7.130148  13.1
6632 Scoon                           211.314859  2.4111650  0.11927973  22.871658  42.643666   6.989635  13.9
6633 1986 TR4                        248.985605  2.6524734  0.18885412 109.503236 272.145019   4.055069  12.8
6634 1987 KB                         336.139502  2.3711936  0.26734676  66.378289 243.714945  10.716833  12.9
6635 1987 SH3                        333.232458  1.8897430  0.10990247 265.893905 189.992711  24.239655  13.8
6636 1988 RK8                        278.179216  2.2709800  0.11810027 214.696298 178.793266   2.344052  13.9
6637 1988 XZ                         173.502039  2.4047341  0.05394044 219.883433 251.235414   4.673522  13.3
6638 1989 CA                         215.537024  2.4355842  0.16210757 218.974103 217.015741   1.901103  13.6
6639 1989 SO8                        258.230920  3.1601914  0.14093359 211.460768  69.859566   2.543332  12.4
6640 Falorni                         136.886778  2.2665265  0.06742998 205.809061 338.430075   5.212147  13.7
6641 1990 OK2                        212.551520  2.7800592  0.18735106 294.174032  81.941661   4.877670  13.2
6642 1990 UE3                        108.888905  3.1675185  0.24470585  59.961665  30.829537   4.321951  12.0
6643 1990 VZ                         146.012654  3.1110928  0.26182658   0.839723  42.716283   2.845263  12.4
6644 1991 AA                         189.668758  3.2094144  0.13360680 324.076034  33.200837   5.399192  11.8
6645 Arcetri                         148.819889  3.1368540  0.19517947  31.505533  24.956179   0.792249  12.5
6646 1991 CA3                        322.550333  1.9249906  0.10003584 105.761187 340.893309  17.590614  13.8
6647 Josse                           292.149332  2.2059162  0.19697961 137.274543 218.204315   1.137351  14.7
6648 1991 PM11                       239.476976  2.5474142  0.24210821  33.776693 327.912017   4.790798  13.0
6649 1991 RN                         273.060577  2.5366147  0.25149031 349.142120 325.769199   7.191725  12.9
6650 1991 RS1                        164.097747  2.5957312  0.17210221  91.482246 347.598510  12.503957  12.1
6651 1991 RV9                        356.648062  2.3766704  0.06587093 294.502938  11.880382   3.815503  13.9
6652 1991 SJ1                        125.670219  2.6448906  0.17283241 302.903530 167.913275  14.161667  12.8
6653 Feininger                       128.707199  2.9126644  0.08413713  24.072063  31.932756   1.982598  12.7
6654 1992 DT6                        124.335462  3.1599323  0.16387431 278.391524 149.697617   5.884156  13.3
6655 1992 EL1                        194.526326  2.9929217  0.08365496 333.854529  75.327427  10.768639  11.4
6656 1992 FF                          70.403807  3.1621863  0.15718001  91.141111  55.223164   1.906108  12.1
6657 1992 WY                         276.873318  2.2782638  0.23689765 112.797948 233.873020   5.065240  14.6
6658 1992 WT2                        308.029686  2.2901424  0.07546066 217.467922 112.980633   4.614203  13.2
6659 1992 YN                         218.002353  2.3706875  0.10915178 159.329746 259.124749   5.210865  13.1
6660 1993 BC                         225.269368  2.3860603  0.18957342 162.945207 262.529389   1.643747  14.3
6661 1993 BO                         246.133122  2.3748182  0.17152723 199.830653 194.761338   2.686761  13.2
6662 1993 BP13                       102.179495  2.5984770  0.10471232 235.201465 268.811284  12.501194  11.4
6663 1993 CC                          26.515469  2.6667475  0.13361325  93.813255 132.063566  13.810535  12.8
6664 1993 CK                         142.614967  2.3804231  0.07496697 141.286342  40.245307   4.848229  12.9
6665 1993 CN                          80.425187  3.0061235  0.07008523 339.435815 101.368294  11.431233  11.9
6666 1993 FG20                       237.734583  2.5759959  0.23905997 160.641672 231.215122   2.971842  14.2
6667 1994 EK2                         79.936673  2.3563834  0.07559730 355.250098 171.815050   5.619689  13.2
6668 1994 GY8                        273.733346  2.7471224  0.15408303 283.667199 352.380513   8.073361  11.9
6669 1994 JA1                         28.292490  2.2020119  0.21431355 254.784084  49.689568   6.220790  12.8
6670 1994 LL1                        259.828902  2.7250593  0.29083701 200.872624 122.981650  20.179811  12.0
6671 1994 NC1                        304.223904  2.8951785  0.15154732  96.650460 180.894849  14.696057  12.4
6672 Corot                           266.530221  2.4111965  0.21448140 165.699946 209.373753   4.788266  14.2
6673 Degas                           295.383496  2.4292012  0.21349145 294.907102  39.521636   3.972139  13.0
6674 Cezanne                         312.406043  2.4591274  0.14938250 177.926920  98.669057   3.738458  13.4
6675 Sisley                          113.376278  3.0716302  0.18459523  57.199054  67.091261   1.574443  14.7
6676 Monet                            18.367843  3.1602186  0.15635607 340.946058 165.392167   0.967126  13.1
6677 Renoir                          226.667460  3.2529361  0.08786559 304.301441  33.061609  14.606776  11.4
6678 Seurat                          253.182930  2.7366009  0.02934928 301.965315  28.915030  10.879411  12.6
6679 1969 UP1                        242.741537  2.1902902  0.03294655  60.061349  39.916794   5.526924  14.0
6680 1970 WD                         314.802865  2.3218745  0.12269215 125.408752 257.258589   7.313726  13.5
6681 1972 RU3                        327.655934  2.2046926  0.14578073 302.066343  42.453273   4.781081  14.1
6682 1973 ST3                        265.556744  2.3625307  0.23148660  50.299143 359.164331   5.903978  14.3
6683 1976 GQ2                        117.206384  3.0873053  0.09482284  70.747961  34.849195  14.592053  11.4
6684 1977 QU                         256.072870  2.7347706  0.13424504 165.964776 137.496428   2.789850  12.9
6685 1978 QG2                         29.188770  2.2325446  0.17438919  92.229315 189.328495   3.723666  14.0
6686 Hernius                         184.359664  2.9464664  0.10367340 255.252098 161.257454   2.375919  12.7
6687 Lahulla                         281.680573  2.2594674  0.02091406 311.148170  80.267706   0.536989  14.3
6688 1981 ER17                       174.556612  3.1102507  0.16734066 191.638048 207.907121   4.822875  12.8
6689 1981 EQ24                        14.946558  2.2124450  0.17204456  77.329097 199.068633   4.416481  15.2
6690 1981 SY1                         28.517808  2.2606492  0.15374569 333.036983 319.579649   3.759805  13.3
6691 1984 DX                         217.291228  2.5754164  0.24531944 290.995199 144.359285   3.915980  13.9
6692 1985 HL                          95.015095  2.5603457  0.25073464  14.736503 172.791545   6.879572  14.0
6693 1986 CC2                        257.016717  2.3758925  0.28093625  55.254879 317.368994   9.497522  13.8
6694 1986 PF                         290.100008  2.6395267  0.05198520  69.104744 245.772061   5.536586  12.3
6695 1986 PD1                        236.925790  2.6054889  0.20532500 267.039121 139.492295  15.742363  13.1
6696 Eubanks                         292.839171  2.6783439  0.18970502 295.366613   5.299876   1.742402  12.8
6697 1987 HM1                        273.672317  3.2258527  0.06899947 248.781644  35.557087  11.577861  12.0
6698 1987 SL1                        260.306475  2.4400450  0.16726487  53.049732 359.238389   2.480892  13.6
6699 1987 YK                         271.943662  2.5790373  0.20461276 299.434724  66.190113   4.891422  13.0
6700 1988 AO1                        182.511240  2.6272713  0.09576869   5.851799  91.248566   6.061987  13.5
6701 1988 AW1                        295.101144  2.5973723  0.14485013  38.027928 311.858023  12.754021  12.6
6702 1988 BP3                        337.571754  2.6984948  0.13226914 128.289034 161.480073   7.759718  12.6
6703 1988 CH                         232.948708  2.5586336  0.23035774 275.239328 166.642769   4.958352  13.2
6704 1988 CJ                          22.983537  2.7581136  0.04200501 312.766047 267.265009   3.132825  12.6
6705 1988 RK5                         51.835765  2.2225424  0.11504469  84.896068 178.904710   1.641911  14.0
6706 1988 VD3                        244.466322  2.3827307  0.21699527  41.857969 340.370504   1.805685  13.9
6707 1988 VZ3                        277.667445  2.2872556  0.17841780 150.259442 272.685293   6.180024  14.0
6708 1989 AA5                        344.412149  2.4447874  0.18228649 193.673672 116.088404  12.097972  12.8
6709 1989 CD                         262.305176  2.3493885  0.16156052 342.882999  99.036930   1.827720  13.7
6710 Apostel                         267.430909  2.8021036  0.21989397  81.595701 218.330058   6.586605  12.6
6711 1989 HG                         121.120951  2.5642232  0.12031875 345.508629 191.664087  14.731934  13.1
6712 1990 DS1                         34.332075  2.3993204  0.12067399 320.460322 265.141450   0.963433  14.2
6713 1990 KM                          85.006737  2.3446540  0.07943053  46.933866 209.970489  19.459683  13.4
6714 1990 OE2                        310.918460  2.5537341  0.13701958 232.795148 117.940353  14.564126  12.5
6715 1990 QS1                         64.214262  2.6691343  0.00532818 205.323413   2.252767   3.463095  13.3
6716 1990 RO1                        179.698051  2.7894585  0.05884173 260.773353 162.508803   4.640033  12.8
6717 Antal                           262.051900  2.8090071  0.23792227  98.591010 233.863930   6.358435  13.0
6718 1990 TT12                       280.853796  2.9126223  0.06189032 322.854007   1.108550   1.557142  12.5
6719 Gallaj                          253.272599  2.7568985  0.08151101 314.777922  76.711473   3.227559  12.4
6720 1990 VP2                        132.795859  3.0956412  0.14735661  12.926293  50.605757  14.865409  11.5
6721 1990 VY6                        238.370791  2.9310872  0.21057673 272.661460  56.264159  17.035827  12.4
6722 1991 BG2                        124.156905  3.1642856  0.19151718  57.603098  63.362840   2.825508  12.4
6723 Chrisclark                      146.580479  3.1927690  0.14467641  77.525587  23.630609  17.765967  11.5
6724 1991 CX5                        141.886028  3.0498749  0.15144000  21.516017 104.435221   9.598650  11.8
6725 1991 DS                         144.211539  3.1376709  0.12984056   4.261964 116.804374   2.336716  12.0
6726 1991 PS                         262.258334  2.2873749  0.09420329 145.857348 277.931335   4.302194  13.7
6727 1991 TF4                        202.936614  2.6352414  0.21475040  22.231465  16.401394   3.215031  13.2
6728 1991 UM                           9.433430  2.2176425  0.09861683  20.211444  10.778794   1.963061  14.2
6729 1991 VV2                        192.075282  2.5964518  0.17423046  68.922596  16.744735  13.998518  12.5
6730 1992 BH                          30.280725  3.1218093  0.15485795  20.823280 140.522802  18.260104  11.8
6731 Hiei                            199.491933  2.6378713  0.22982361 104.979223 353.522007   4.179325  13.6
6732 1992 CG1                         10.991370  3.0863827  0.12892216 105.398890 113.921013   3.404685  12.2
6733 1992 EF                          54.680778  3.0160755  0.04264653 272.987989 271.995650   9.171536  11.8
6734 1992 FB                         258.437530  2.9939968  0.11606749 310.755750  58.591031  11.366109  11.2
6735 1992 WM3                        278.104829  2.1594122  0.07907840 357.212864  75.201640   2.903358  13.7
6736 1993 EF                         194.155626  2.4018375  0.16754295  57.027728  63.552167   3.099073  14.0
6737 1993 ER                         226.475209  2.3295477  0.12423655  66.801882  53.450523   0.813704  13.3
6738 1993 FD1                        234.078081  2.3398136  0.15928896   4.670868  99.396542   0.478813  14.2
6739 1993 FU38                       204.093053  3.2286933  0.12609249 240.778673  82.651172   2.466730  13.1
6740 1993 GY                         127.031799  2.5623313  0.11057862  89.545459  64.311818  14.778533  12.7
6741 1994 FX                           5.918958  2.3016579  0.19513227 126.981604 165.066174   5.697607  13.4
6742 1994 GR                          33.787445  2.3343592  0.17063043 150.400682 103.255954   5.462590  13.2
6743 1994 GS                          48.352953  2.2354149  0.20691168 207.284272  69.940748   8.123389  13.4
6744 1994 JL                          49.851612  2.2595216  0.18876790 186.837872  85.327574   6.670618  13.8
6745 1994 JD1                         98.917711  2.2281515  0.13822119  86.445316 127.500714   6.067090  14.5
6746 Zagar                           330.750125  2.6010740  0.15662538  45.386744 259.061513  12.687553  12.7
6747 1995 UT3                        217.856304  2.9764052  0.13573831 346.789932  13.450111   4.027686  13.2
6748 1995 UV30                         5.955085  2.4711675  0.15810905 192.443710  80.779450   4.106303  12.9
6749 Ireentje                        215.378772  2.6824004  0.24980254 155.153277 209.930679   8.274037  13.8
6750 Katgert                         162.345901  3.0054086  0.10476983 112.158521 338.842556   9.262340  12.4
6751 van Genderen                    323.757438  2.4237699  0.16315308 109.346048 206.228105   4.632989  13.7
6752 Ashley                          225.023767  2.3818792  0.08253590 288.180031 176.873039  12.989992  13.5
6753 1974 RV1                         70.007344  2.2477942  0.13960993 351.892592 300.335679   3.003620  13.2
6754 1976 UD4                        243.850292  2.4400449  0.18423731 242.660130 170.703359   2.474496  13.9
6755 1976 YE1                        244.767048  2.4418992  0.04428459 144.394458 280.119048   4.741825  13.1
6756 1978 VX3                         57.606186  2.6779206  0.18587213 303.739185 253.589648   3.634214  14.2
6757 1979 SE15                       276.062754  2.8959317  0.08916797 261.997404 112.790362   3.360900  13.0
6758 Jesseowens                       55.777772  2.6491375  0.13291720 217.489040  15.404673  11.822951  13.5
6759 1980 KD                          90.217458  3.2060122  0.20205951  66.144299 135.384866   8.791978  12.1
6760 1980 KM                         316.375352  2.7536787  0.10112742  46.541171 228.539506   5.742052  13.4
6761 1981 EV19                       144.468710  3.1610974  0.14464880 216.811948 188.961979   4.407759  14.4
6762 1981 EC25                       352.933216  2.1720365  0.17517046 331.281406   7.520635   3.701645  14.5
6763 Kochiny                         289.653371  2.7015068  0.24353888  84.864842 252.486465  11.482821  13.1
6764 1981 TM3                         71.047602  2.2597761  0.13927778 242.255190  18.362066   7.055579  13.0
6765 Fibonacci                       291.380541  2.2993197  0.15297267 296.247772 142.461157   4.079847  14.3
6766 Kharms                          218.715948  2.6930660  0.17255267  62.325702 309.001507   3.189371  14.2
6767 Shirvindt                       178.770168  2.6722945  0.14191485  96.781163  23.309874   9.420926  12.7
6768 1983 RY                           9.287546  2.3804257  0.19726474  62.850732 290.027036   2.200775  13.9
6769 1985 CJ1                        231.962829  2.4176498  0.12415366  53.737601  59.276948   3.900418  13.3
6770 1985 QR                         105.701305  3.0247488  0.10307265 263.344062 155.663556  10.086549  12.1
6771 Foerster                        199.543227  2.3266495  0.18398735 128.678280   4.129398   0.847583  13.6
6772 1988 BG4                        218.117593  2.6627696  0.19307680 103.089537 296.290959  12.685104  12.8
6773 1988 LK                         339.238975  2.9919929  0.06169188 107.431772 147.955598  11.336782  12.3
6774 1988 VH5                        258.068076  2.1947003  0.09074175  83.595141  60.609452   0.974367  13.9
6775 Giorgini                        342.334313  2.6766318  0.17559718 140.295178 142.044087  14.049880  12.2
6776 Dix                             111.370449  2.5763319  0.15894472  82.467622  72.304145   4.695201  13.9
6777 Balakirev                       179.497242  3.1819476  0.21944992 273.840824 126.444492   2.692888  12.7
6778 1989 TX10                       230.395309  2.8361490  0.04488138 317.105621 120.154616   3.109844  12.0
6779 1990 DM1                        165.134987  2.2566614  0.10745515 199.500126 314.503110   1.850349  13.8
6780 Borodin                          48.305004  2.2495832  0.17631245 343.504580 323.401744   4.947535  14.2
6781 1990 OD                         320.297677  2.6312525  0.24044936  60.404802 232.133932  11.897580  13.3
6782 1990 SU10                       191.581001  2.7889849  0.06194373 126.269412 288.659702   3.286703  12.5
6783 1990 SO28                       257.175109  2.7641090  0.14545675 329.816159  20.518026  10.415528  12.4
6784 1990 UN13                       250.096258  2.7915122  0.11435076 323.938069  62.532304   5.115297  12.1
6785 1990 VA7                         24.135014  3.1852765  0.10188068 123.308841  46.539035  20.091431  11.1
6786 1991 DT                         126.243833  3.1157735  0.11176357  47.360949 103.848591   2.557245  12.4
6787 1991 PF15                        45.796910  2.2328177  0.14743227  32.300858 263.996770   3.288690  13.5
6788 1991 PH15                         8.061641  2.3528333  0.18425917  99.549881 176.157595   0.684275  14.1
6789 1991 RM6                        269.421266  2.3381397  0.14168484 283.541705 138.201745   6.163903  13.7
6790 1991 SF1                          7.390946  2.3413377  0.20686436  93.511532 204.359194  11.099152  13.2
6791 1991 UC2                        247.653252  2.4355509  0.12977422 191.271502 239.360245   1.447703  14.1
6792 1991 WC                         333.396072  2.3756752  0.24325222 277.502651  87.177394   3.702233  13.0
6793 Palazzolo                       140.457491  2.6770583  0.16040830  46.155113 106.709887   4.921622  13.3
6794 1992 DK                         182.521106  3.0886137  0.20893772 350.120738  41.271571  16.332817  11.0
6795 1993 FZ12                       313.276772  2.6401129  0.12257017 193.646048 134.247141   5.052654  12.7
6796 1993 FH24                       304.301904  2.7386516  0.05900513 104.454226 205.166303   5.031751  12.9
6797 1993 FG25                       249.976449  2.9179669  0.06527452   5.254919 322.337602   1.131971  12.1
6798 Couperin                        233.033373  2.9357681  0.10565091  81.183731 307.302986   0.915736  13.1
6799 1993 KM                         329.022952  3.1380104  0.34844029  80.090761 175.045377  20.180711  12.7
6800 Saragamine                      287.301560  2.6614791  0.16210152  69.660124 339.666890   8.543564  13.0
6801 Strekov                         304.703528  2.2074218  0.13049211 334.303098  44.180039   5.214804  13.6
6802 Cernovice                       202.155682  3.0613401  0.24095360   0.495595 353.228798   2.095585  13.0
6803 1995 UK7                        242.227761  2.7316112  0.20959761 288.488715  74.154475   8.107674  13.2
6804 Maruseppu                       230.707446  2.2431222  0.10469537 239.436518 246.826188   3.204089  13.7
6805 Abstracta                       143.936886  3.1758782  0.16391867 340.619452 136.931359   1.892885  13.0
6806 Kaufmann                        240.758185  2.4540250  0.09351629  87.231964 341.039341   4.684767  13.4
6807 Brunnow                         279.990991  2.2818902  0.12117734  81.660206 359.922868   4.232231  14.4
6808 Plantin                         190.726932  2.2473944  0.09483380 194.613275  22.012695   7.572557  13.4
6809 Sakuma                          173.324237  2.3625738  0.10663418 221.080860 358.356089   6.093057  13.1
6810 1969 GC                          16.337857  3.1431121  0.05408575 343.029986 295.244743  10.378097  11.9
6811 1976 QP                         339.032544  2.3939188  0.21601439  84.256049 225.248812   1.649622  14.8
6812 1978 VJ8                          2.636935  3.1355601  0.10257248  72.493106 185.961160   0.859518  13.4
6813 1978 VV9                         45.151573  3.1334411  0.10608652 315.786422 270.318975   2.537383  12.4
6814 1979 MC2                        351.797516  2.8273249  0.03585256 105.416427 195.264800   2.159487  13.1
6815 1979 MM5                        300.139764  2.4319421  0.19049129 126.583596 251.871776   1.565253  14.2
6816 1981 EB28                       306.263002  2.2904190  0.16328827 109.424774 138.799998   2.097376  14.7
6817 1982 BP2                        272.564733  2.3097075  0.08059874 204.689907 247.102899   2.381151  14.3
6818 1983 EM1                        271.330673  2.2155763  0.08240390 118.105815  18.726295   4.253727  13.9
6819 1983 LL                         101.782691  2.2930403  0.12385180  12.056667 276.112135   4.994191  13.8
6820 Buil                            330.610314  2.8534607  0.07615354 151.073701 164.537992   2.487275  12.5
6821 Ranevskaya                      212.144992  2.5793586  0.15112097 197.705564 257.103278  12.580257  12.1
6822 1986 UO                         315.346525  2.5877509  0.25226484 337.174948  15.691974   2.750460  14.3
6823 1988 ED1                        274.705119  2.5683548  0.13838293 335.068609  86.996089  16.647936  11.0
6824 1988 RE2                        241.359021  3.1164316  0.19713027 283.804450 118.065388   2.000189  12.9
6825 1988 TJ2                         77.214070  2.1673383  0.01523572 308.057750   6.960468   5.409080  13.9
6826 Lavoisier                       213.292611  2.9013998  0.03554645 341.789505 101.676737   3.492379  12.9
6827 1990 SN4                        266.352108  2.5976658  0.15492923  82.145879 356.782829  12.931593  12.5
6828 Elbsteel                        249.034265  2.6915035  0.22688408 304.507559 109.092540  11.868903  12.8
6829 1991 BM1                        318.280351  2.8582378  0.07065618 180.550259 169.605357   2.088653  13.2
6830 1991 JB1                         88.740696  3.1967560  0.12161336 148.912429  80.327962   5.049061  12.4
6831 1991 UM1                         61.779319  2.1962891  0.20556802 353.426989 335.942283   4.595409  13.7
6832 1992 FP                           5.361975  3.1964285  0.16770601 175.024742  52.847290   1.924365  12.6
6833 1993 FC1                         79.821836  2.5935715  0.11185921   6.294142 210.966138  12.989810  12.4
6834 1993 JH                         103.958325  2.4393087  0.23634739 226.091585  46.346104   4.270361  13.5
6835 1994 HT1                        214.218937  2.6104416  0.17060052 150.831908 220.780888   4.011809  14.6
6836 Paranal                         290.282762  2.8765870  0.05978883  71.580867 255.871316   0.940329  12.7
6837 1994 XN4                        313.023872  2.8589900  0.21315553  93.872931 348.526285  12.823045  12.3
6838 1995 UD9                        160.892555  2.6491460  0.17304839 242.554224 248.492452  13.595286  12.0
6839 1995 WB2                        273.160388  2.8694312  0.07466903  89.838268 251.968108   0.966420  11.7
6840 1995 WW5                        239.845641  2.4281269  0.15297748 296.751582 126.208138   3.364615  14.0
6841 2034 P-L                        166.705019  2.2794147  0.13571763 283.391599 271.856193   3.666868  14.3
6842 3016 P-L                        250.691465  2.6531685  0.09650813 148.669835 233.685819  10.967135  13.7
6843 Heremon                         216.004520  2.4447333  0.17478536 135.798627  23.997758   9.279411  13.0
6844 1975 VR5                        308.683526  2.2217801  0.10008613 282.852854 133.932807   5.306460  13.8
6845 1976 JG2                        144.613189  2.2750635  0.14759131 148.977385 102.500713   6.681888  13.4
6846 1976 UG15                       332.440866  2.3864473  0.22305106 228.273384 137.911362   2.855088  14.7
6847 1977 RL                         232.917121  2.3213541  0.28864559  52.637355  48.771858  24.618671  13.7
6848 1978 VG5                        164.078350  3.1047163  0.14087796 168.215497 322.008742   0.547320  12.9
6849 1979 MX6                        107.821984  2.3679998  0.08858944   2.257860 254.053179   6.391604  13.5
6850 1981 QT3                         76.652708  3.1632346  0.07669650 248.365395   0.145214   5.921379  12.2
6851 1981 RO1                        339.588379  2.1955439  0.12438704 309.491958 126.143793   3.809481  14.3
6852 1985 CN2                        265.028574  2.3967493  0.17419352 303.421749 154.553332   2.490997  14.3
6853 1986 CD2                        267.137212  2.2625620  0.11706832 105.628361   3.802152   5.899861  14.3
6854 1987 UG                         302.964493  2.4236280  0.21510387 184.359795 210.332240   1.821421  14.0
6855 Armellini                       148.705760  2.2886186  0.06533222 279.158405 330.493012   7.571658  13.7
6856 1989 EM                         155.235277  2.3711670  0.17325678 301.373327 294.018163   1.329413  13.6
6857 1990 QQ                         147.893809  2.3119302  0.19787965 301.532528 307.655339   9.188044  13.6
6858 1990 ST10                       273.387740  2.5857045  0.18725980  73.477231 344.098156  13.656057  12.6
6859 1991 CZ                         213.499058  1.8336188  0.01389609 128.436371 154.158475  23.200758  13.3
6860 Sims                            132.758051  3.1085594  0.12953429   8.887276 138.046451   2.008106  12.7
6861 1991 FA3                         32.756595  3.1530438  0.12673288 259.633535  21.984828  10.700826  11.8
6862 1991 GL                         209.865754  3.1706953  0.02827773  64.856623  18.014246  12.134390  11.4
6863 1991 PX8                        264.086157  2.2965249  0.07760294 166.494483 251.607541   4.181777  13.6
6864 Starkenburg                     291.844258  2.2693803  0.10134048 212.081725 229.295854   2.794901  13.9
6865 1991 TE2                        312.728265  2.2978369  0.14083188 307.972290 101.252716   3.098818  13.4
6866 1992 CO                         327.146077  3.0212389  0.05002366 156.131699 111.812266  11.030210  11.9
6867 1992 FP1                        142.462561  2.5894052  0.25970969  79.942042 179.072466  11.827003  12.8
6868 1992 HD                         164.292438  2.6617241  0.14989540  82.919360 120.446386   3.376137  13.0
6869 1992 JP                          59.195008  3.1838284  0.06381079  67.372501 128.449936  16.982557  11.4
6870 1992 OG                          30.325884  1.9270451  0.11279810 251.048708 146.994985  24.907913  13.9
6871 Verlaine                        336.421350  2.1965853  0.04721970 207.336986 186.290576   3.771857  14.8
6872 1993 CN1                        165.250375  2.1794855  0.01764741   3.048582 228.787472   3.355041  13.3
6873 1993 HT1                        195.785512  2.1714008  0.13638876  52.697600 199.799693   4.786650  14.1
6874 1994 JO1                         65.037043  2.2398996  0.28199457 223.759882  78.432504   7.589877  14.4
6875 1994 NG1                         37.711614  2.1571611  0.19288161 268.120970  96.804876   3.972321  14.1
6876 Beppeforti                       34.068277  2.2849693  0.14438079 127.969983 228.535916   6.194860  13.4
6877 1994 TB2                         41.312519  2.3222878  0.13456645  99.176710 237.003571   6.179929  13.6
6878 1994 TN2                         29.880840  2.4615087  0.18584325 224.775362  94.139299   4.042232  13.4
6879 Hyogo                           236.053224  3.1119365  0.18096813 309.135220 103.313165   8.579214  12.2
6880 1994 TG15                       211.086862  2.8020095  0.06941643 111.627945 349.766114   5.264158  12.1
6881 1994 UP                         355.215734  2.9080463  0.05486447 248.337606  72.227784   2.888600  13.3
6882 Sormano                          74.183184  2.5513763  0.10126706  16.481204 284.507060  14.415957  12.5
6883 1996 AF                         212.652954  3.1225988  0.18536747 319.409532  79.860302   2.001384  12.7
6884 9521 P-L                        307.192478  2.2778160  0.12568538 297.665211 123.608376   1.960902  14.2
6885 9570 P-L                        327.069783  2.6466620  0.05807377 210.369197  93.685169   3.798000  14.4
6886 1942 CG                         290.479192  2.5675106  0.15847159 358.049296  98.149790   9.151033  12.0
6887 1951 WH                          18.151917  2.2298110  0.17533601 336.960115  48.363984   5.337676  13.7
6888 1971 BD3                        310.292196  2.5632025  0.14840077 171.221866 249.145290   3.747530  12.9
6889 1971 RA                          99.968506  2.2021569  0.19609555 232.991899  86.759482   4.840921  14.0
6890 1975 RP                         345.137288  3.2261042  0.15058089 117.338431 194.993007   0.889962  12.0
6891 1976 SA                         331.408448  2.6870839  0.06409927 206.848053 160.949092   5.979683  13.3
6892 1978 VG8                        328.827375  2.5651582  0.27379520 285.004780  62.465838   4.254737  15.1
6893 1983 RS3                        300.061840  2.3869502  0.09111491 104.533526 314.708194   5.788740  13.2
6894 1986 RE2                        238.233004  2.6496077  0.07489174 105.920714 296.979817  21.178440  11.9
6895 1987 DG6                        127.726624  2.6696528  0.16257628 328.048310 296.973862   1.131783  13.5
6896 1987 RE1                         20.789271  2.2937807  0.21783991  33.295385 343.308026   4.971543  13.8
6897 1987 VQ                         288.633264  2.3835142  0.17362407 261.590745 191.369048   1.612778  14.5
6898 1988 LE                          98.153396  2.6679575  0.12179265 134.696898  97.445062  14.144091  12.6
6899 1988 RP10                       289.113308  2.9299044  0.02228128 121.413461 279.258518   0.935170  13.3
6900 1988 XD1                        321.647989  2.2276604  0.16221364  10.731458  55.280155   4.210809  14.0
6901 1989 PA                          19.936266  1.9425534  0.11143306 124.523589 285.439771  23.141736  13.9
6902 1989 US3                         10.569141  2.7522074  0.10304499 128.231197 214.462674   2.087737  12.9
6903 1989 XM                         344.481459  2.9295050  0.03611738 279.164869  58.605193   2.904705  12.7
6904 1990 QW1                        296.561291  2.4817142  0.10628100  79.750123 344.180487   5.741685  14.1
6905 1990 TW                         323.170701  2.6150834  0.19662661 306.859061  48.597636  13.443336  11.4
6906 1990 WC                         232.783931  2.7366032  0.27361291 345.990453  68.354628  10.451520  12.7
6907 1990 WE                         200.229335  2.7394229  0.19589262   3.075616  91.184432   9.074503  12.8
6908 1990 WB3                        268.507525  2.7478445  0.09407859 313.207398  74.535966   5.607563  12.6
6909 Levison                         282.155194  2.7216686  0.46805224  75.523796 308.564888  38.028691  14.1
6910 1991 FJ                         103.611402  3.0532255  0.03372445 224.710903 348.423452   9.108890  12.3
6911 Nancygreen                       74.211301  1.9317550  0.08975208 168.240032 207.957723  22.898636  12.4
6912 Grimm                           150.480983  3.0694562  0.11378698 344.666809 179.860762   2.049195  12.9
6913 1991 UT3                         22.286346  2.2356824  0.13926538 273.216192 102.599644   4.407624  13.7
6914 Becquerel                       162.968734  2.5756765  0.24214708 250.419881 355.296337   2.221256  12.8
6915 1992 HH                         174.953371  2.6042939  0.12245832 116.339840  97.981839  12.026533  12.6
6916 1992 OJ                         102.363358  2.8437525  0.26435483 309.969166 314.909531  18.208632  12.0
6917 1993 FR2                        221.951947  2.2152983  0.08158806  19.496786 167.207671   3.797588  14.2
6918 1993 FV3                        167.220700  2.4114416  0.13700258 345.405007 183.766161   1.851857  13.7
6919 1993 HP                         240.020116  2.2625013  0.10297210  12.873158 137.218718   5.161110  13.8
6920 1993 JE                         228.452677  2.3889034  0.07725516  59.309090  79.910499   6.722498  12.9
6921 1993 JJ                          79.546357  2.2785473  0.08177930 248.318418  89.351423   5.320788  13.0
6922 1993 KY1                        182.607891  2.2983758  0.11896555  96.872684 132.364006   4.765040  14.0
6923 1993 SD                         342.918214  2.9937737  0.08145721 152.057335 195.392424  10.536465  13.9
6924 1993 TP                         327.299208  3.3885844  0.08937944 276.089068  26.966565  12.283401  11.2
6925 1993 UW2                        102.441616  2.8324070  0.10182234  83.559070 207.849078  14.223933  12.3
6926 1994 RO11                       268.980684  2.6563088  0.17273322  65.011091 345.255723  12.862100  12.9
6927 1994 TE1                        213.395718  2.3402307  0.00938829  47.731320 135.489710   4.821771  13.4
6928 1994 TM3                        294.063936  2.6799400  0.23581046 194.993178 211.601753   6.541973  13.8
6929 1994 UE                         274.980887  2.7667753  0.14580439   3.111500  56.277628  10.346082  12.9
6930 1994 VJ3                        173.417359  3.1911895  0.16120383 324.231331 151.562325   0.573677  12.3
6931 1994 VP6                        283.117749  3.0291104  0.10266157 330.463948  44.229218  10.887310  12.1
6932 1994 YK                         154.275719  2.3294728  0.24852232 180.590117 114.075153   3.718104  13.7
6933 1994 YW                          33.566352  2.6970910  0.17089558  50.367234 290.596865   2.573247  13.4
6934 1994 YN2                         21.368256  2.6581425  0.19066505 260.239587  87.223932   8.294289  12.0
6935 Morisot                         342.688476  2.2772840  0.08642961 155.151161 227.676244   0.543430  14.2
6936 Cassatt                         208.861536  2.6010294  0.07809584  31.134461 126.972773   3.663158  13.4
6937 Valadon                         113.315185  3.0052937  0.09055100 318.977323 204.016580   9.499137  12.1
6938 Soniaterk                       331.875361  2.9995453  0.08665365  23.667797 279.710133   9.071100  11.4
6939 1952 SW1                        167.376817  2.5898267  0.10030765 185.041652  36.688646  14.076939  13.7
6940 1972 HL1                        175.941439  2.2809953  0.12716990 243.419460  14.070161   2.864315  14.7
6941 1976 YA                         227.037067  2.7785754  0.19296028 195.175328 241.572097  15.414229  12.4
6942 1976 YB2                         96.364625  2.3375980  0.11950316 289.802227  56.590086   3.699228  13.6
6943 1978 VR4                        335.286776  2.1965606  0.11418900 239.937685 227.677099   4.096801  14.0
6944 1979 MR3                        137.960669  2.3156000  0.13801166 173.826782 122.475183   7.653605  14.1
6945 1980 FZ3                        231.139546  2.2506085  0.17435338  86.105844 350.308318   7.554673  14.8
6946 1980 RX1                         54.612085  2.2675517  0.13885976 245.324155 144.045231   4.559994  13.8
6947 1981 ET8                        209.176543  2.3978251  0.06366867 353.526097 213.464664   3.880592  14.6
6948 1981 ET22                       284.428339  2.3967407  0.15702243  89.579128  26.757069   2.589661  14.3
6949 1982 RZ                         194.338170  2.3619086  0.16407093 111.277412 144.983365  13.210760  13.1
6950 1982 YQ                         172.599960  2.5921628  0.09547594 112.004628  88.790665  14.206532  12.7
6951 1985 DW1                        199.913661  3.0607298  0.09117020 105.880123  42.689824   1.092591  12.7
6952 1986 JT                         133.138547  2.8969294  0.26949825  66.645570 208.729093   7.507467  13.1
6953 1986 PC1                         80.712464  3.1149080  0.17863266 134.223297 157.474926   1.746168  12.2
6954 1987 RB6                        190.314131  2.1831724  0.13765887 217.306356  60.817197   3.143189  13.9
6955 1987 SP15                        10.385265  3.1082432  0.17593515 321.204886  31.781386   0.958359  11.8
6956 Holbach                         304.773232  2.4430608  0.09238870 211.732601 244.185040   5.477279  13.6
6957 1988 HA                         171.679857  2.5315647  0.08304593  20.182598 207.304844   1.201151  13.5
6958 1988 TX1                         12.763782  3.0257288  0.09318436  97.786070 206.175816   9.139317  11.8
6959 1988 VD1                         52.014358  2.8923074  0.11524046 329.010616 357.470605  13.500685  11.6
6960 1989 AL5                         57.081754  3.1941882  0.14503669 279.995959  26.217238   1.402401  12.2
6961 1989 KA                         226.851678  2.3172481  0.19336195 355.576187 224.975399   4.758481  13.4
6962 1990 OT                          81.813974  2.2852764  0.14840464  70.280765 279.124744   6.720822  14.6
6963 1990 OQ3                        129.395263  2.2506664  0.18965827  16.876290 292.925746   4.387821  13.5
6964 1990 TL1                         56.885357  2.3642143  0.17582029 180.446366 192.782183   5.426637  13.7
6965 1990 VS2                        160.658622  2.4806651  0.01223775 110.945656 130.588029   6.140552  13.3
6966 1991 RD5                        195.778230  2.1618292  0.10672833 248.081322 329.193114   2.915471  14.9
6967 1991 VJ3                        339.285808  2.2483319  0.13930472  19.550396  53.387745   4.493868  13.7
6968 1991 VX3                        298.642023  2.2500108  0.07630973  62.361888  53.353999   1.842065  14.0
6969 1991 VF5                        329.855587  2.1981826  0.03119824 305.965600 148.806915   7.107144  13.4
6970 1992 AL1                        306.737418  2.3471688  0.06087522 342.269364 111.825997   6.723363  13.3
6971 1992 CT                         228.638287  2.8326268  0.07351924 326.513467  68.146998   3.062318  12.5
6972 Helvetius                       245.223028  2.5690238  0.12983626 283.137477 214.072032   6.325459  12.2
6973 1992 HK                         145.266868  2.6567598  0.14972086  90.439456 144.365887   2.924438  13.8
6974 1992 MC                          77.418426  2.5997138  0.13994920 201.370569 166.162363  15.770718  11.8
6975 1992 QM                          95.861899  2.8648932  0.28911383 333.506532 322.926900   4.828680  12.5
6976 1993 KD2                         70.375594  2.3330011  0.16850059 250.983209  91.608564   8.252325  13.2
6977 Jaucourt                        170.521347  2.2604567  0.14391236 162.221905 129.179626   3.414890  14.4
6978 1993 RD                         119.656073  2.5616816  0.17463188 301.881976 339.322462   7.474981  13.1
6979 1993 RH                          52.433280  2.6504145  0.22590800 338.414427 359.386731  14.915012  12.4
6980 1993 SV1                         58.787786  2.8352016  0.04881623 208.824629  97.626524   3.290995  12.2
6981 Chirman                         122.470034  2.6716740  0.15630325 254.559700  22.243436  13.324593  13.2
6982 1993 UA3                         56.430590  2.6407704  0.18623279 123.327027 204.915149  12.519963  12.6
6983 1993 YC                          21.550089  3.2133370  0.13101270 232.844416 110.261390   7.789033  11.5
6984 1994 AO                         200.569855  3.9658790  0.18601528 249.955120 206.577059  16.810753  10.8
6985 1994 UF2                        335.461808  2.4150472  0.09309930  14.097647  51.447684   6.703404  13.2
6986 1994 WE                         215.992304  2.9307070  0.06185936 301.727497 163.330189   2.321992  13.7
6987 1994 WZ                         116.857533  2.7932281  0.04627669 326.654229 264.811863   2.962788  14.0
6988 1994 WE3                        204.413864  2.4752246  0.03184648 336.095540 220.413132   3.200393  13.3
6989 1994 XH1                        274.236933  3.0099600  0.10085620 129.803458 293.250624   9.388657  11.4
6990 1994 XU4                        217.202878  3.1484199  0.13378861 357.916366 117.032933   2.891273  12.3
6991 1995 AX                          79.553207  2.4013968  0.20297602 228.961881 131.771924   5.751906  13.1
6992 1995 BT1                         65.642226  3.0095813  0.07512538 184.992600 126.626734  10.489954  11.3
6993 1995 BJ4                        297.273225  3.1115697  0.09258616 285.109905 128.553990   2.388694  12.0
6994 1995 BV4                        191.581245  3.0562137  0.01855710 163.262665  13.074697   0.785298  12.6
6995 1996 BZ1                        132.254136  2.5322212  0.17599353 188.324119  57.543042   4.500344  14.0
6996 Alvensleben                      57.258776  3.4390313  0.08347312 101.589155 160.041575   4.073408  12.1
6997 Laomedon                         30.454638  5.1921704  0.10137385  56.806529 195.357598  19.101326  10.5
6998 Tithonus                        346.717456  5.2134727  0.07078321 257.471911  35.421635   1.729465  11.3
6999 Meitner                         265.720496  2.2808784  0.09793040 338.377660 155.602268   5.568788  14.5
7000 Curie                            75.762693  2.4646916  0.26106298 305.643290  60.618876   9.883875  12.8