2001 Einstein                        104.365043  1.9338184  0.09822916 217.659036 357.202225  22.686191  12.9
2002 Euler                           327.251674  2.4173663  0.06889930  50.917300 178.884331   8.515182  12.1
2003 Harding                         252.389863  3.0670801  0.11789713  69.658008  64.597870   1.873935  11.7
2004 Lexell                          221.220559  2.1717136  0.07983216  58.171153   4.728337   2.502133  12.6
2005 Hencke                          265.927302  2.6207819  0.16741478 110.443729 291.479345  12.208747  12.2
2006 Polonskaya                      347.762246  2.3248341  0.19322873  24.140070   1.191636   4.919128  12.6
2007 McCuskey                        334.351144  2.3835466  0.11721824 184.053694  17.255963   3.055904  11.8
2008 Konstitutsiya                   273.792918  3.2144190  0.10149154 206.345994  15.765179  20.657069  10.3
2009 Voloshina                        82.427101  3.1144253  0.14385540   9.142448 107.640087   2.859841  10.8
2010 Chebyshev                        86.157877  3.1000750  0.17853110  31.729814   8.919505   2.405428  11.6
2011 Veteraniya                      211.265725  2.3874220  0.14907381   3.435383 338.823643   6.195530  12.9
2012 Guo Shou-Jing                   225.318686  2.3293696  0.17819850  36.253544 277.518023   2.904547  13.2
2013 Tucapel                         300.232656  2.2895088  0.22571280 237.678974  96.756486   7.511752  12.6
2014 Vasilevskis                     243.243488  2.4037794  0.28315577  82.558708 204.363740  21.404803  11.7
2015 Kachuevskaya                    159.030169  2.3345715  0.10530900 273.669939 344.761104  11.909592  12.4
2016 Heinemann                       264.668953  3.1337540  0.18699490 342.992093  17.374405   0.926416  11.4
2017 Wesson                           48.917545  2.2520749  0.18625324 135.989160 171.522129   4.854527  12.8
2018 Schuster                        270.553413  2.1830692  0.19228319 157.558841 186.239377   2.553473  14.5
2019 van Albada                      325.847710  2.2412430  0.16467974  24.421660 252.460593   4.041716  11.9
2020 Ukko                            356.823822  3.0225733  0.06586654 334.869705 149.046385  11.131326  11.4
2021 Poincare                        212.559381  2.3101497  0.21908970 164.088369 155.177613   5.486959  13.3
2022 West                            312.784284  2.7081019  0.11858703  36.445434   2.736309   5.675735  12.0
2023 Asaph                           127.189460  2.8837120  0.27550711 356.865959   3.381506  22.275488  11.6
2024 McLaughlin                      341.422723  2.3258251  0.13862390 291.108054  69.432839   7.317758  12.9
2025 Nortia                          356.083071  3.1712066  0.09639843 302.914876 330.645604   7.031225  10.5
2026 Cottrell                        134.872702  2.4462527  0.11682260 209.293557 311.701603   2.466340  12.8
2027 Shen Guo                        153.638327  3.0213589  0.09684040 357.158558  55.468662  11.034697  11.0
2028 Janequeo                        248.570705  2.2969130  0.11203958  26.841811 243.024305   7.946610  14.5
2029 Binomi                            6.313566  2.3505332  0.12815693  66.637567 278.258846   5.594074  13.5
2030 Belyaev                         340.467777  2.2473666  0.09320615  61.117691 169.966996   2.577737  13.5
2031 BAM                             218.022868  2.2340169  0.17264219 213.575608 169.411615   4.747715  13.0
2032 Ethel                            64.508005  3.0614871  0.13680336 295.964341  30.240947   1.521396  11.9
2033 Basilea                         273.817564  2.2262607  0.11073816 134.051644 321.948185   8.464351  13.2
2034 Bernoulli                       260.820595  2.2467012  0.18034435  63.467860  19.271873   8.561844  12.9
2035 Stearns                         270.253849  1.8842006  0.13111327 200.396691  77.146601  27.747734  12.6
2036 Sheragul                        192.915458  2.2446847  0.18503283 305.728039 346.520258   3.975687  12.7
2037 Tripaxeptalis                    60.238451  2.3008944  0.13171421 345.656633   9.718954   4.257728  13.5
2038 Bistro                          350.512090  2.4356019  0.08811813 182.948327  73.715287  14.775576  12.3
2039 Payne-Gaposchkin                114.367705  3.1643813  0.14473677  44.058543  96.064530   2.525129  12.8
2040 Chalonge                        201.807812  3.1155814  0.19194469  85.245770  40.013944  14.632056  11.1
2041 Lancelot                        233.874594  3.1489921  0.20265781 276.194338 134.242816   2.981104  12.2
2042 Sitarski                         41.892650  2.7532843  0.14995145  55.818363  17.376965   5.327967  12.8
2043 Ortutay                         110.680819  3.1109654  0.10330519  54.669379 321.859761   3.095763  10.8
2044 Wirt                            336.308407  2.3819553  0.34108941  50.007903  53.831935  24.015453  13.3
2045 Peking                          235.191850  2.3791084  0.05721007 198.455371  11.379382   6.916838  12.2
2046 Leningrad                       149.122779  3.1609099  0.17545062 277.337859  74.634659   2.739318  11.5
2047 Smetana                         203.334632  1.8720102  0.00305938 307.036102  36.708778  25.280959  13.9
2048 Dwornik                          90.021448  1.9540034  0.04260091 105.768881 157.758729  23.748092  13.5
2049 Grietje                          66.997711  1.9488781  0.08435999 141.478053 200.197507  24.421032  14.9
2050 Francis                         283.303457  2.3255899  0.23757684 170.204185  72.671481  26.575149  12.7
2051 Chang                           192.068445  2.8409756  0.07708495 174.840162 215.630654   1.347395  11.9
2052 Tamriko                          94.269318  3.0098372  0.07987846 207.917180 214.177525   9.491885  10.5
2053 Nuki                            251.396836  2.8015526  0.14311350 236.971535 193.523580   8.509650  11.9
2054 Gawain                           39.855007  2.9639216  0.10236940 186.600706 293.656341   3.789239  12.0
2055 Dvorak                          298.079218  2.3102997  0.31053407 243.528171 340.784162  21.534334  13.5
2056 Nancy                           315.774593  2.2178813  0.13925661 145.207199 226.015671   3.929551  12.3
2057 Rosemary                        267.507096  3.0706833  0.23940643  18.896973  15.459529   1.444968  11.9
2058 Roka                            205.503395  3.1153409  0.15769028 180.035666  95.608796   2.542190  11.0
2059 Baboquivari                      16.575756  2.6506455  0.52604767 191.081265 201.113582  10.991705  15.8
2060 Chiron                           17.146772 13.6331816  0.38005749 339.406754 209.386162   6.938858   6.5
2061 Anza                             27.949472  2.2648276  0.53706926 156.358491 207.804712   3.765607  16.6
2062 Aten                            103.757760  0.9664419  0.18254321 147.878950 108.658031  18.931259  16.8
2063 Bacchus                          69.360987  1.0780936  0.34941046  55.182610  33.241198   9.431943  17.1
2064 Thomsen                         157.049301  2.1783712  0.32908840   2.141703 302.378812   5.695141  13.1
2065 Spicer                          235.069758  2.6970620  0.23609502  65.647629 328.641659   6.436386  12.2
2066 Palala                          130.735192  2.3950516  0.12771515 110.400975 117.299785   3.753433  12.5
2067 Aksnes                           33.309290  3.9568893  0.18369160 299.790823 150.680354   3.069939  10.5
2068 Dangreen                         31.759246  2.7717091  0.09704751 320.096834  96.260702  12.895255  11.5
2069 Hubble                          297.820095  3.1658777  0.17562287  68.002916  46.770249   9.126262  11.1
2070 Humason                          18.298647  2.2500169  0.15509874 349.687549   1.461625   2.758477  13.9
2071 Nadezhda                        358.333862  2.2518495  0.15735416   0.665732 302.473317   3.637607  13.3
2072 Kosmodemyanskaya                114.910941  2.4509160  0.16266222  37.913468  26.374335   4.755127  12.6
2073 Janacek                         218.019013  2.7154916  0.11224105   0.155264  85.184237   2.962940  12.7
2074 Shoemaker                       266.273228  1.7997848  0.08199217 205.284847 207.381679  30.072976  14.0
2075 Martinez                         86.104264  2.4023709  0.24943183 355.102662 112.358156  27.062713  13.0
2076 Levin                           329.143136  2.2739279  0.15233646  74.477264 329.170414   4.991530  13.5
2077 Kiangsu                         236.265186  2.3258258  0.29686409 343.907243  69.640891  28.116275  14.1
2078 Nanking                         194.679099  2.3697216  0.37364738  98.800578 287.469664  20.156126  12.1
2079 Jacchia                         139.510825  2.5972843  0.08036425 145.424911 353.362486  13.299721  12.7
2080 Jihlava                          59.773142  2.1768610  0.06071798  51.648567  23.996671   3.853986  13.1
2081 Sazava                          184.442182  2.4508265  0.16237541 222.123999  66.561025   3.917519  12.1
2082 Galahad                         315.625008  2.9222225  0.16422128 143.434655  90.473556   3.068863  13.3
2083 Smither                         160.309858  1.8719020  0.05138787 228.448103 259.323691  18.452047  13.3
2084 Okayama                         129.984405  2.3959564  0.10191661 247.837719 149.224969   4.840001  12.2
2085 Henan                           160.895399  2.6990130  0.08575514 294.121892 118.290433   3.828711  11.4
2086 Newell                          300.004781  2.4024170  0.11203877 294.903422 135.308223   6.476491  12.4
2087 Kochera                         344.886464  2.2057802  0.05741035 319.537411  95.676775   1.829143  13.1
2088 Sahlia                          351.904610  2.2068042  0.07879210  91.152751 359.912316   5.545157  12.4
2089 Cetacea                          46.833262  2.5336827  0.15468815 286.855695 102.883555  15.402829  11.0
2090 Mizuho                          140.494720  3.0676652  0.14065855 337.057836 340.224199  11.836854  11.0
2091 Sampo                           113.985600  3.0142768  0.06143660 325.440571 114.818956  11.371236  10.2
2092 Sumiana                         110.715087  2.8473999  0.03092215 206.991278  72.504197   3.080030  11.9
2093 Genichesk                       317.565656  2.2694476  0.16759158 117.829945 155.055834   6.086698  12.6
2094 Magnitka                        240.175274  2.2318511  0.09698023 251.615774 282.179305   5.026995  12.0
2095 Parsifal                        298.232416  2.6406579  0.00907434  18.978841 332.857276   3.593711  12.4
2096 Vaino                           155.082427  2.4456745  0.23268113  38.398198 305.323108   0.990706  13.3
2097 Galle                            29.439655  3.1208716  0.26403710  29.076157 319.693952   4.388067  11.9
2098 Zyskin                          309.833471  2.4230522  0.12800136 354.269987 337.927846   6.515205  12.5
2099 Opik                            335.046963  2.3032638  0.36222112 159.044190 218.999143  26.954347  15.2
2100 Ra-Shalom                       222.751723  0.8320362  0.43660346 355.970278 170.924068  15.751590  16.1
2101 Adonis                          143.776912  1.8742874  0.76471325  42.292776 350.710223   1.351143  18.7
2102 Tantalus                        100.365962  1.2900269  0.29869605  61.615441  94.399506  64.007645  16.2
2103 Laverna                         288.331194  3.1440954  0.18973929 239.726991 292.277823   7.693022  10.8
2104 Toronto                         226.828275  3.1897473  0.11350477 293.117170 252.633579  18.367647  10.3
2105 Gudy                            108.085610  2.3896862  0.14976311 156.039924 273.778051  29.301109  11.3
2106 Hugo                            315.516620  2.7053912  0.09706161 247.794236 152.221541   8.038837  11.7
2107 Ilmari                          114.074473  2.6273878  0.07736411 177.397748 221.620889   8.829514  11.4
2108 Otto Schmidt                     44.214830  2.4357389  0.00435771  47.888399 328.112281  10.784880  11.5
2109 Dhotel                          306.231452  2.6897458  0.26235210 192.423523 162.472062   8.080530  11.9
2110 Moore-Sitterly                   15.736103  2.1983033  0.17796007 192.437173 140.452526   1.127374  13.8
2111 Tselina                          83.844085  3.0203784  0.08736704 231.407618 167.442374  10.483133  10.5
2112 Ulyanov                         161.699421  2.2539173  0.13715221 156.060957 243.952457   3.368093  12.8
2113 Ehrdni                          224.416199  2.4733134  0.09678877 348.364004  23.494328   6.448954  13.2
2114 Wallenquist                     321.029723  3.1922384  0.15139087 218.821465   1.595324   0.562618  11.1
2115 Irakli                          314.150391  3.0102728  0.05768857 332.839387 241.813992   8.975177  11.0
2116 Mtskheta                        191.144128  2.5892442  0.05736072 173.878564 170.985366   9.066314  12.1
2117 Danmark                         318.781208  2.8693564  0.06836405 266.121408  59.722083   2.936978  11.7
2118 Flagstaff                       230.913166  2.5466473  0.21832625 100.866964 331.748614   6.321532  12.0
2119 Schwall                          67.006468  2.2514217  0.15709501  19.480427 268.456876   3.835526  12.8
2120 Tyumenia                        315.722678  3.0639193  0.11719609  74.908298 222.846670  17.578062  10.4
2121 Sevastopol                      117.408020  2.1831033  0.17866611 159.757291 145.856013   4.372582  12.3
2122 Pyatiletka                      145.552173  2.4019173  0.02831451 235.217244 105.634003   7.889353  12.1
2123 Vltava                           28.893892  2.8591139  0.07718648  55.195466 312.411870   1.013950  11.5
2124 Nissen                          196.409809  3.0238187  0.09251931 252.108300  47.460978  10.723920  11.7
2125 Karl-Ontjes                      72.929768  2.7849837  0.10832484  15.340194 316.235974   1.694791  12.4
2126 Gerasimovich                    162.682984  2.3902174  0.11980542  69.512788 327.941521   8.492914  12.4
2127 Tanya                           231.735467  3.2097293  0.04283450 177.238541 106.875948  13.138500  10.7
2128 Wetherill                       186.010431  2.7383623  0.37878646 331.248823 358.906687  16.825493  13.6
2129 Cosicosi                        241.220427  2.1806358  0.17338588 318.186352  58.645190   5.518425  13.7
2130 Evdokiya                         38.516356  2.2529376  0.18900490 326.687148 350.283320   5.616584  13.5
2131 Mayall                          297.020977  1.8870772  0.11095269  38.422762 306.144634  33.995856  12.7
2132 Zhukov                          294.884991  2.7837726  0.08173822 336.139151  82.679315   5.861982  11.4
2133 Franceswright                   323.489635  2.4102269  0.18420371 279.598849  78.705870   6.906933  13.3
2134 Dennispalm                      351.032714  2.6387276  0.25596740 119.616185  11.880961  31.284511  11.5
2135 Aristaeus                       205.631379  1.5997302  0.50319805 290.714109 191.378592  23.042938  18.0
2136 Jugta                           233.693718  3.0181059  0.04878500  63.013001 149.154879  10.593374  11.6
2137 Priscilla                       212.691611  3.1800291  0.06721827 137.131368 320.485274  11.744069  11.1
2138 Swissair                        241.667159  2.6863320  0.06788902 168.328801 105.814518   5.931491  11.5
2139 Makharadze                       69.827324  2.4600066  0.18890839  65.626091 256.824213   2.188113  12.8
2140 Kemerovo                         81.046452  2.9885976  0.05121438 117.691551 275.174987   6.988089  10.9
2141 Simferopol                        4.666600  2.8053156  0.13024624  56.319122 272.130619   5.941100  11.3
2142 Landau                          240.158839  3.1660477  0.11230745  36.787938 155.373884   0.660655  12.1
2143 Jimarnold                        68.565993  2.2806379  0.23442075 351.831971  17.585081   8.374090  14.3
2144 Marietta                          9.148119  2.8745139  0.05764010 277.652569 138.696987   2.827145  11.0
2145 Blaauw                          202.005150  3.2239037  0.08604246 277.417186 264.638916  15.020195  10.6
2146 Stentor                         358.443891  5.2005081  0.10327732 273.191779 131.311249  39.251072  10.8
2147 Kharadze                        321.714032  3.1726113  0.05209650 296.991565 144.902974  10.059501  11.7
2148 Epeios                            5.509721  5.1973316  0.05874259 231.190523 176.591264   9.157923  11.1
2149 Schwambraniya                   358.392583  2.5499384  0.10454448 229.833276  62.765696   7.710495  11.7
2150 Nyctimene                       259.532995  1.9134071  0.05728404 235.343707 201.140343  25.318278  13.4
2151 Hadwiger                        295.949232  2.5613201  0.05620729  85.580791  28.153495  15.460888  11.1
2152 Hannibal                        186.095311  3.1323544  0.21563143 143.510961 251.106170  13.955230  10.5
2153 Akiyama                         247.969754  3.1138523  0.16544204  30.962063  47.914214   1.192860  11.9
2154 Underhill                       202.601883  2.6361042  0.12530499 120.101033   1.069956   7.767980  12.7
2155 Wodan                           273.856271  2.8547434  0.07949828 347.706014  38.906548   2.544531  12.6
2156 Kate                             10.324570  2.2422387  0.20157717   4.097051  17.353493   5.354496  12.7
2157 Ashbrook                        290.711029  2.7831557  0.11336043 264.685342 349.849244   8.620310  11.4
2158 Tietjen                          34.988197  3.0753564  0.17941935 104.361717 187.431840   1.578035  11.8
2159 Kukkamaki                       109.956075  2.4814446  0.04116203 123.928306 351.492297   3.279807  12.1
2160 Spitzer                         167.179338  2.8998874  0.09630752 207.856215 134.494521   2.853864  12.1
2161 Grissom                         238.772006  2.7472777  0.16210655 249.348796 126.680413   7.297011  12.4
2162 Anhui                           343.470087  2.2272877  0.12341518 285.110131 128.725438   3.046298  13.0
2163 Korczak                         284.495675  3.1382312  0.19185594 267.290795 113.422262   2.510505  11.7
2164 Lyalya                          251.439980  3.1851617  0.13079832 187.733986 115.993824   2.618777  11.8
2165 Young                           134.676471  3.1369926  0.16658539  25.018153  19.496539   0.946844  11.0
2166 Handahl                          96.694282  2.3455905  0.21797332 135.677301 164.166984   5.122751  14.3
2167 Erin                            305.086280  2.5439153  0.18214126 274.323723 253.155565   6.035364  12.1
2168 Swope                            83.523989  2.4515621  0.15462389   9.840837 314.277400   4.749153  12.8
2169 Taiwan                           74.294373  2.7890912  0.04990227 359.676855  71.952961   1.530653  12.0
2170 Byelorussia                      54.935079  2.4041693  0.18171041 116.108120 256.123522   2.080572  13.9
2171 Kiev                            162.917980  2.2551144  0.16656249 179.652092 102.230931   7.515534  13.6
2172 Plavsk                          321.824585  2.8985494  0.13783740 332.303172  84.624967   3.322763  12.1
2173 Maresjev                        121.856500  3.1332156  0.12366457 161.221639 174.986968  14.442371  11.4
2174 Asmodeus                        235.850663  2.5374172  0.27151078   5.369490   0.214676   8.099224  13.7
2175 Andrea Doria                    113.030336  2.2159206  0.20669326 143.190169 222.333225   3.697890  14.2
2176 Donar                           288.150176  2.9318557  0.05099122 174.542685  90.233646   3.048066  12.3
2177 Oliver                          257.826714  3.1952770  0.09207951 265.184375  52.293296   1.542089  11.3
2178 Kazakhstania                    314.053819  2.2074876  0.15501334 350.627768  11.593377   3.079488  13.4
2179 Platzeck                        328.924405  3.0120189  0.09303722  54.064099  15.226735  10.492756  11.5
2180 Marjaleena                       47.903579  3.0104379  0.08752241  88.348592 233.631548   9.233382  11.0
2181 Fogelin                          92.200938  2.5904225  0.11933386 116.913133  17.525467  13.035795  12.1
2182 Semirot                          21.064829  3.1344595  0.12246574 193.422959  51.538007   2.290437  11.3
2183 Neufang                         172.914592  2.9964628  0.37407367 237.913741  88.489825  18.246847  11.5
2184 Fujian                          356.005721  3.1735860  0.10985511 120.755249 256.876763   5.204731  11.5
2185 Guangdong                       201.781356  2.7098505  0.16013655 260.779158  61.047206   9.609173  11.3
2186 Keldysh                         203.205513  2.6797204  0.10292714 132.305569 285.775903   2.364759  12.3
2187 La Silla                        230.699144  2.5367266  0.11699995 214.638572 137.561858  13.244812  13.0
2188 Orlenok                         211.072672  2.9038239  0.08510161 195.060882 140.572209   2.652159  11.9
2189 Zaragoza                         29.247186  2.4032914  0.22462040 216.919017 128.952129  13.920989  12.8
2190 Coubertin                       256.587096  2.4699922  0.09191672 315.928041 262.863157   0.828631  12.5
2191 Uppsala                         261.655414  3.0179829  0.08988422 176.078240 247.900364   9.034760  11.3
2192 Pyatigoriya                     152.633096  3.1393475  0.08004112 137.093457 201.995994   9.733291  11.3
2193 Jackson                          42.707779  3.1114816  0.06141015 226.678316  37.016555  11.667590  10.3
2194 Arpola                          187.900372  2.3289779  0.04084355 101.493957  47.352313   8.528353  12.6
2195 Tengstrom                        34.986524  2.2215354  0.10512830 295.024896 101.103891   4.574199  12.6
2196 Ellicott                         39.221962  3.4393681  0.05300279 319.000872 212.544926  10.283618  10.3
2197 Shanghai                        274.169532  3.1584896  0.11604782  67.265013  56.639075   2.509264  11.2
2198 Ceplecha                        147.784476  2.5927156  0.19827086 180.943552 223.424269   3.638696  14.3
2199 Klet                            319.252415  2.2414228  0.20052947 142.367172 147.141861   8.188414  13.1
2200 Pasadena                        203.248226  2.4044630  0.14852903 210.750212 345.737331   4.592233  13.4
2201 Oljato                          262.891002  2.1732116  0.71278194  96.173750  76.666193   2.516269  15.3
2202 Pele                            147.860211  2.2915356  0.51163561 217.268313 170.295133   8.774267  17.6
2203 van Rhijn                       153.519244  3.1169896  0.17611149 328.035336  50.629356   1.649685  11.5
2204 Lyyli                           136.148302  2.5918921  0.40508708 282.438180 161.007090  20.530265  12.7
2205 Glinka                          310.378826  3.0041488  0.12046890 107.104499 227.943944  10.478830  11.8
2206 Gabrova                          73.034461  3.0156777  0.04428508 158.005031  63.993697  10.917537  11.3
2207 Antenor                         190.014157  5.1295654  0.01584661 296.523947 159.214710   6.806379   8.9
2208 Pushkin                         338.809650  3.4899489  0.04812013   0.265311  79.510923   5.417617  11.0
2209 Tianjin                          20.889259  2.8456266  0.06364391 262.417458 151.063610   2.609828  10.9
2210 Lois                             62.220551  2.4032774  0.22717601 215.281543 123.615249   2.928379  14.3
2211 Hanuman                         143.504502  3.1799819  0.08708086 196.108279 146.333980  17.345734  12.8
2212 Hephaistos                       92.568326  2.1677098  0.83332738 208.413936  28.393737  11.772093  13.9
2213 Meeus                           109.182255  2.1982432  0.22655224 221.793883 127.083059   5.331130  13.7
2214 Carol                           264.929192  3.1786886  0.25260252 135.613510 188.611799  14.180126  12.0
2215 Sichuan                          87.098056  2.7949061  0.26138992 332.322902  71.367927  10.746437  11.9
2216 Kerch                           338.913362  3.0184655  0.10279343 185.639070 155.994322  10.450386  10.8
2217 Eltigen                         318.238302  3.1690886  0.14911256 171.104239 128.139655   2.228617  10.8
2218 Wotho                           199.903870  3.0381480  0.16702678 324.124043  96.801771  14.958263  11.2
2219 Mannucci                        321.061513  3.1497285  0.12499508 298.004432  72.907693   7.588936  10.7
2220 Hicks                            43.387321  3.1479231  0.16709503 276.925646  95.116990   2.586715  10.9
2221 Chilton                         106.879062  2.5899943  0.13924199  80.464382 246.288824  13.795187  12.8
2222 Lermontov                       250.373205  3.1108134  0.17800689 337.123383  95.194020   2.581316  11.4
2223 Sarpedon                         28.194372  5.1777810  0.01605637  51.541141 221.086546  16.004798   9.4
2224 Tucson                          325.485762  2.8800126  0.04327170 246.592158  51.458179   2.676062  11.1
2225 Serkowski                       212.445472  2.8519114  0.03418874   6.004070  88.365072   3.261706  12.1
2226 Cunitza                         217.970858  2.8685001  0.08094822 333.309711  43.194185   2.547462  11.6
2227 Otto Struve                     237.983725  2.2356015  0.17504485 253.566209 179.107607   4.945646  13.8
2228 Soyuz-Apollo                    176.068655  3.1342350  0.18455199 287.887546 140.543194   1.986446  10.9
2229 Mezzarco                        280.811847  2.6960301  0.26202922  31.524807 272.398243  12.715159  13.1
2230 Yunnan                           23.935774  2.8573447  0.06035433 254.460079 153.977976   2.563555  12.3
2231 Durrell                         216.871997  2.7295433  0.24960066  24.218489 342.616313   8.234561  12.4
2232 Altaj                           253.293226  2.6680519  0.14087444  90.201954 218.798122   3.693984  12.0
2233 Kuznetsov                       198.669281  2.2778709  0.08154759 159.419907 247.542907   3.412223  12.7
2234 Schmadel                        261.291546  2.6997211  0.20116557 271.426427   6.457474  25.226303  12.5
2235 Vittore                         341.903756  3.2153019  0.20528701 274.899345 205.244304  18.754772  10.7
2236 Austrasia                       317.061169  2.3444212  0.21933462 300.774196   8.418214  10.113682  12.3
2237 Melnikov                        215.805811  3.1482691  0.21328280 268.104521 118.575268   2.396415  11.3
2238 Steshenko                       311.712559  3.0638980  0.17438198 296.317573  33.647472   1.318084  11.9
2239 Paracelsus                      150.826069  3.2032327  0.09333804 357.803295  20.672180  10.880117  11.5
2240 Tsai                            172.188657  3.1430531  0.15871007  27.645174  60.743248   0.847731  11.8
2241 Alcathous                        75.227171  5.2243869  0.06614310 291.934253 267.981479  16.594454   8.6
2242 Balaton                         251.823899  2.2085006  0.11798896  95.413396 344.129592   2.540982  13.8
2243 Lonnrot                         330.526684  2.2478715  0.19667384 303.208607  22.714373   6.847025  12.8
2244 Tesla                           237.921682  2.8090963  0.18260538 296.953972 106.807378   7.815908  11.9
2245 Hekatostos                      103.658930  2.6373491  0.13256182 316.845129  85.430482  11.870138  11.3
2246 Bowell                           78.488466  3.9396478  0.09566179  28.825515 155.934969   6.494295  10.6
2247 Hiroshima                       279.477788  2.4486332  0.11047458  29.419658   7.504890   5.943797  13.9
2248 Kanda                           341.651590  3.0965379  0.12254570 148.514291  34.043824   1.639873  11.2
2249 Yamamoto                        275.265830  3.1851517  0.09431067 109.710062 148.176391   4.090038  11.0
2250 Stalingrad                      147.145926  3.1778818  0.19474865 173.011132 158.042576   1.505209  11.5
2251 Tikhov                          239.454153  2.7097478  0.14882657 183.452174 193.359065   7.440315  11.4
2252 CERGA                           256.452528  2.6154509  0.07267989  25.187578 358.690778   4.237276  11.9
2253 Espinette                        30.215589  2.2838879  0.27816378 175.360062 144.101894   3.872274  12.9
2254 Requiem                         286.148719  2.3416184  0.14942824  24.309601 338.339137   5.049342  12.5
2255 Qinghai                         282.716928  3.0939558  0.15838587 348.735672  41.388648  14.201125  11.3
2256 Wisniewski                        7.672894  3.0964150  0.17201953 196.423387 115.727814   0.463710  11.8
2257 Kaarina                         344.052158  2.4882606  0.23892958 127.568529 234.355505   5.043762  12.9
2258 Viipuri                           9.592565  2.6938766  0.08073998 173.015198 307.808084   1.487654  11.4
2259 Sofievka                        281.476340  2.2943278  0.18522098  11.683509 280.593172   4.681667  12.6
2260 Neoptolemus                       1.319537  5.1893194  0.04557920 320.914381  86.570879  17.782431   9.3
2261 Keeler                          281.726170  2.3765079  0.23966591  99.288158 102.955427  22.713327  12.8
2262 Mitidika                        266.405621  2.5869413  0.27990901 351.568027   0.770347  13.423051  12.6
2263 Shaanxi                         302.368130  3.0134292  0.11689524 316.344133  54.691342  11.412327  10.9
2264 Sabrina                         277.535402  3.1394155  0.16106941  75.412448 242.653410   0.146601  10.5
2265 Verbaandert                     182.723139  2.6163437  0.21035445 339.100951 133.549663  19.815922  13.1
2266 Tchaikovsky                     273.701850  3.3946340  0.19009698 207.472008 229.808077  13.214519  10.8
2267 Agassiz                         170.878828  2.2168833  0.13910483 299.489694 328.855342   1.955892  13.9
2268 Szmytowna                        20.034431  2.9407049  0.10978527 323.466695  89.867223   3.304081  11.4
2269 Efremiana                       111.013140  3.1249595  0.08746389  40.640105  66.944416  15.399583  10.5
2270 Yazhi                             9.086806  3.1592146  0.12334375 181.252262  76.296969   2.130550  10.9
2271 Kiso                            330.600165  2.7586861  0.05820216 178.788759 136.746053   3.383224  11.1
2272 Montezuma                       184.253188  1.8665225  0.09036570 278.067469 175.644614  24.330813  14.0
2273 Yarilo                           79.707919  2.4506721  0.16501031  42.315811  65.904622   0.395068  13.3
2274 Ehrsson                         339.771510  2.4074419  0.23255105 187.072826 348.632003   2.256010  12.3
2275 Cuitlahuac                      106.995612  2.2962179  0.16963071 153.696053 197.395894   6.389124  13.2
2276 Warck                           304.883121  2.3756194  0.16874096  55.048962 215.567087   2.457966  12.9
2277 Moreau                          173.978396  2.6037050  0.12436308  68.820827 105.514283  11.545786  12.2
2278 Gotz                            239.528721  2.4520880  0.15069910 205.307470  53.647220   4.220615  13.6
2279 Barto                           289.275700  2.4572575  0.16024943  62.398923 140.137662   2.978473  13.0
2280 Kunikov                         112.493349  2.1790322  0.14083721 263.939299 106.624546   3.567845  13.5
2281 Biela                           157.614075  2.1882719  0.14451402 108.813990 206.838340   1.481999  13.7
2282 Andres Bello                    244.332513  2.2036060  0.07976997 237.906473 207.966408   4.977997  13.2
2283 Bunke                           223.526794  2.2484962  0.08741508 347.116636 196.994190   6.731517  12.7
2284 San Juan                         65.640891  2.3252443  0.04942035  66.665190 146.044270   5.282402  12.7
2285 Ron Helin                       213.874561  2.2205881  0.20732005 182.534737 157.994066   5.328398  14.3
2286 Fesenkov                        138.194015  2.1926903  0.09333694 278.544517  59.543200   1.348784  13.0
2287 Kalmykia                        103.517617  2.2395607  0.17030321 214.097283  93.426140   5.288519  13.0
2288 Karolinum                       147.933642  2.9142687  0.15748862  99.398281  76.323098  14.518313  11.0
2289 McMillan                         53.667594  2.6348630  0.14287503  40.149813 190.112696   2.148588  13.6
2290 Helffrich                        35.157174  2.5908347  0.23475795 270.838214 156.073716  11.535258  12.2
2291 Kevo                              1.343439  3.0446699  0.06007741 300.323416 169.676877  24.476688  10.8
2292 Seili                            91.484380  2.6175002  0.24031859 129.469419 172.574480  14.533599  11.7
2293 Guernica                        319.962690  3.1329596  0.13225457 135.302809  23.644894   0.593572  10.9
2294 Andronikov                       10.841902  2.5824390  0.11957119  42.983425 291.349495   6.305118  11.5
2295 Matusovskij                      54.221372  2.9024979  0.09132593  68.231957 314.101883   2.515935  12.0
2296 Kugultinov                       41.629766  3.1826327  0.16730419 102.539286  42.370786   1.256909  11.3
2297 Daghestan                       300.158549  3.1599573  0.13893920  93.305334 140.707411   1.603215  11.0
2298 Cindijon                         76.565326  2.4059073  0.17142752 146.895312 198.785764   5.157681  12.9
2299 Hanko                           249.130702  2.5878411  0.29407352 166.171583 174.493794   5.251430  13.3
2300 Stebbins                        113.173834  2.8394260  0.07597623 358.373438  31.977004   2.320707  11.9
2301 Whitford                        291.458099  3.1723093  0.22178614   3.186107  79.728735  11.762325  10.8
2302 Florya                            5.710345  2.6452536  0.19469898  68.348590 307.967496  12.101165  12.1
2303 Retsina                         259.717656  2.9937400  0.11440216 332.050412 195.515548  18.939168  11.0
2304 Slavia                          186.609084  2.6123030  0.13359756  60.099413 196.138808  13.569804  12.4
2305 King                            268.608797  2.7850668  0.03104537 358.788232  25.587123   7.471440  11.8
2306 Bauschinger                      14.793766  2.7338106  0.06427529 102.898962 236.985102   4.223617  11.4
2307 Garuda                          236.287222  3.0438608  0.06304925 342.319707 251.983798   7.720527  10.9
2308 Schilt                          222.329141  2.5465746  0.17565718 232.433273  34.694528  14.201558  11.8
2309 Mr. Spock                       312.971272  3.0151740  0.08927996 266.518189 157.672662  10.985171  11.3
2310 Olshaniya                        29.111773  3.1511010  0.15262712 331.902205 124.293152   2.648163  11.3
2311 El Leoncito                     198.264289  3.6354897  0.05485725 182.935758 157.423912   6.636721  10.5
2312 Duboshin                         71.393555  3.9769469  0.14771136 345.948518  62.035077   5.188048  10.2
2313 Aruna                           252.827946  2.4574925  0.19015075 108.531147 229.898653   1.828968  12.9
2314 Field                           222.198105  2.2604063  0.02548611 180.163816  34.173842   5.733007  13.6
2315 Czechoslovakia                  305.620158  3.0117547  0.11236299   9.656790  30.532771  10.726569  10.7
2316 Jo-Ann                          260.500569  2.4531934  0.16301231 146.910815 148.885168   1.814089  12.7
2317 Galya                           135.124219  2.5239903  0.16526924 204.160831 187.537166   4.170157  13.4
2318 Lubarsky                         38.145568  2.2520502  0.13147677 241.258191 153.424238   3.595759  13.8
2319 Aristides                       207.969233  2.9054914  0.09166999 269.644839 112.807661   2.968216  12.2
2320 Blarney                         125.832514  3.1710055  0.12415101 254.922456 118.808059  11.541724  10.5
2321 Luznice                         308.153224  3.0093887  0.06759041 358.747546  46.050733   7.803286  11.5
2322 Kitt Peak                       221.915810  2.2919866  0.04192909 191.991391 194.999254   2.398643  12.7
2323 Zverev                          260.863251  3.1460974  0.15552977  91.835444   6.554549   4.637586  10.7
2324 Janice                           22.828483  3.0981490  0.16402259 297.810152 321.410883   0.404353  11.3
2325 Chernykh                         92.028065  3.1513974  0.16360760 266.211209 140.002006   1.911976  11.9
2326 Tololo                          229.432619  2.8584835  0.15971147 258.515651 156.264515  15.140180  11.1
2327 Gershberg                       318.264919  2.3688905  0.13012641 210.813565 175.132661   4.030335  13.9
2328 Robeson                         161.863836  2.3431931  0.14412806 339.940482 182.390203   9.995429  12.5
2329 Orthos                          310.246972  2.4020676  0.65885923 145.834160 169.505354  24.428961  14.9
2330 Ontake                          149.651333  3.1767478  0.04355640 141.470535 140.862783   8.663542  11.3
2331 Parvulesco                      198.527348  2.4245423  0.22414367 222.366767 255.879036   3.714661  12.2
2332 Kalm                            201.199722  3.0728266  0.06367874 234.822928  61.714492  14.580012  10.6
2333 Porthan                         333.073702  2.6456804  0.13642661  98.192936  40.338012  11.927611  11.5
2334 Cuffey                          196.221495  2.2678891  0.07560155 112.121140 121.143097   4.085712  13.5
2335 James                           202.271846  2.1229043  0.35993559  79.452949  20.129666  36.334854  13.8
2336 Xinjiang                        298.139110  3.1962635  0.14716063  35.675831  87.425255   2.783618  11.4
2337 Boubin                           40.858031  2.5942036  0.16833331  27.000960  37.552358  14.342868  12.0
2338 Bokhan                          171.034901  2.8333388  0.06065566 200.456718 112.845102   3.204767  11.9
2339 Anacreon                        155.300043  2.5278002  0.19546626 340.805138  12.199474   4.854390  13.5
2340 Hathor                           89.107682  0.8438131  0.44989328  39.801859 211.637435   5.849612  19.2
2341 Aoluta                          224.731522  2.2113501  0.15228982 347.433416  61.732859   4.076836  12.5
2342 Lebedev                          49.926047  3.2215926  0.13310728 208.979827 194.843410   0.338693  11.7
2343 Siding Spring                    65.057849  2.3342228  0.25575761 154.933259 218.341844   1.761850  13.4
2344 Xizang                           55.119554  2.7519496  0.18997887 238.844422  99.575273   3.897874  12.1
2345 Fucik                            81.431596  3.0176623  0.07538631 140.474612 304.164453   9.149040  10.8
2346 Lilio                           347.760849  2.3715330  0.15630486 105.698977 245.040869   5.926606  11.9
2347 Vinata                          111.543255  3.0994384  0.20400769 108.124000 290.900353  13.090528  11.3
2348 Michkovitch                       0.984670  2.3974681  0.17021892 295.824864 186.571678   4.672697  12.4
2349 Kurchenko                       352.305656  2.7708212  0.12020106 217.859227 133.451613  17.475671  11.9
2350 von Lude                         51.557666  2.2422350  0.12618695 287.677981 141.221587   5.073670  13.4
2351 O'Higgins                       128.968567  2.5299674  0.18669464  61.104937 333.254755   3.738487  12.8
2352 Kurchatov                       106.763206  3.1063911  0.11467389 113.091491 232.690408  14.755475  11.1
2353 Alva                            350.653393  2.8049269  0.11345387 300.386617  25.047381   4.802023  11.8
2354 Lavrov                          116.864208  2.7311780  0.10338738 189.008176 176.224046   3.257840  11.8
2355 Nei Monggol                     328.042140  3.0193350  0.11644099 281.471211  54.081005  10.001780  11.4
2356 Hirons                          287.282196  3.2353771  0.03900601  12.523944 189.260910  15.595666  10.8
2357 Phereclos                        41.694552  5.1856844  0.04524604  72.254340 179.395795   2.668675   8.9
2358 Bahner                            3.774394  3.0224970  0.09754450  45.660932 344.985506   9.720080  11.0
2359 Debehogne                       314.974349  2.4256119  0.11392927  76.518685 206.258955   4.333278  12.9
2360 Volgo-Don                        64.639228  2.6732664  0.19279102   2.350038  38.497995   3.393570  12.4
2361 Gogol                            51.496500  3.1382181  0.14226693  88.070707  43.154935   1.625781  11.7
2362 Mark Twain                      252.081686  2.1952038  0.19310951 350.433923   9.204765   3.956368  13.7
2363 Cebriones                        37.405453  5.1451685  0.03716452  52.382730 211.884122  32.224112   9.1
2364 Seillier                        201.553150  3.1741469  0.13647646 170.843012  42.940193  10.717118  10.7
2365 Interkosmos                      99.834231  2.5437567  0.11671126 208.778776 283.083563   5.334209  11.7
2366 Aaryn                           129.466060  2.2408558  0.12708458 110.515368 308.638855   1.085192  13.8
2367 Praha                           105.556186  2.2061163  0.10004147 297.576388 191.056254   1.872827  13.2
2368 Beltrovata                      300.960150  2.1044493  0.41388632  42.249196 287.792350   5.250061  15.2
2369 Chekhov                         198.980266  2.7828815  0.04690456 240.871368  48.170448   2.635734  11.8
2370 van Altena                      104.933445  2.7122376  0.18551553 314.794766  10.556124   8.271155  12.6
2371 Dimitrov                        218.491764  2.4412230  0.01247296 285.414779 235.443999   1.777535  12.5
2372 Proskurin                       255.876871  3.1033697  0.18640339 318.642431  98.414987   2.748503  11.6
2373 Immo                            234.544745  2.7955186  0.17170488 215.472298 146.675679  10.082127  12.5
2374 Vladvysotskij                   133.874187  3.0946736  0.20538938  13.196660 347.802094  15.056152  11.5
2375 Radek                           327.150241  3.1723884  0.21870747 102.590811 110.901973  15.006714  10.6
2376 Martynov                        209.406996  3.2116526  0.10194217 297.532458  61.924359   3.857248  10.9
2377 Shcheglov                       312.754843  2.8807942  0.05439417 159.297415 263.078320   1.003148  12.0
2378 Pannekoek                        19.642679  2.8896583  0.14116575 266.444914 181.323948  14.243324  10.7
2379 Heiskanen                       348.513363  3.1683715  0.27509913 178.645374 151.061507   0.466207  10.9
2380 Heilongjiang                    343.022519  2.1916723  0.05923954 108.254913 324.896714   1.924705  13.2
2381 Landi                           149.721685  2.6105818  0.16832500 277.253894 150.563082  13.608183  11.4
2382 Nonie                           180.454800  2.7588983  0.33009347  66.333985 246.382633  31.045687  11.4
2383 Bradley                          75.447121  2.2176113  0.10466522 183.815277  14.612514   3.574110  13.4
2384 Schulhof                         14.878649  2.6085880  0.12316420 204.436839   8.295411  13.570789  12.2
2385 Mustel                          238.376476  2.2426514  0.16079046 190.200760 153.375384   4.076867  13.2
2386 Nikonov                          45.087937  2.8145963  0.15879719 310.411918   5.372602   9.090172  12.2
2387 Xi'an                           222.581662  3.0216565  0.07796549  36.504398  53.607105  10.962884  11.3
2388 Gase                            177.437407  2.4488117  0.18232984 253.987203 324.685619   2.217471  12.9
2389 Dibaj                           186.850652  2.4455500  0.23092870 336.831623 334.262427   7.814243  12.9
2390 Nezarka                          90.165562  2.6180214  0.14745821 354.367523 326.033014  10.364268  12.2
2391 Tomita                          336.564177  2.4405837  0.13360124 281.960242 163.544656   3.003037  12.4
2392 Jonathan Murray                 325.137065  2.3447132  0.15255019 301.709538 141.404879   3.362396  13.2
2393 Suzuki                          203.874973  3.2260953  0.19245890 105.612916 226.174728  10.178665  10.5
2394 Nadeev                           80.326661  3.1874490  0.20286815 301.450451 127.549882   1.624129  11.6
2395 Aho                             242.384755  3.0803560  0.05356545 158.163793  99.088555   0.300620  12.6
2396 Kochi                           217.762396  2.7921213  0.07359264  49.939612 158.740325  12.609822  11.6
2397 Lappajarvi                      106.971013  3.0868928  0.17739050 298.900942 145.951878  10.295812  10.9
2398 Jilin                           268.371855  2.3936761  0.23628587  11.086304  88.223810   3.736426  13.6
2399 Terradas                        357.912168  2.2395795  0.16944099 159.619768 146.391407   5.124915  13.2
2400 Derevskaya                      319.878811  3.0013294  0.09660311 140.629937 172.197786  10.411131  11.9
2401 Aehlita                         269.592158  2.7736755  0.05830139  36.835500  51.083766   4.331034  12.2
2402 Satpaev                         197.259993  2.2218231  0.13082136  64.273073 337.908722   5.173878  13.2
2403 Sumava                          243.544889  2.5476653  0.12781528  39.277672 290.732190   3.295040  12.5
2404 Antarctica                      178.985574  3.1194937  0.13947072 148.702739 111.031985   2.691496  11.4
2405 Welch                           275.233680  3.2109319  0.12434094 358.760332 128.522628   2.235115  12.1
2406 Orelskaya                       273.832732  2.1921783  0.16349774 347.514396  12.693688   2.311741  13.5
2407 Haug                            173.986965  2.9273376  0.21572279   9.769595 342.583948   2.473536  10.8
2408 Astapovich                      280.011301  2.6365999  0.24413638 101.876852 164.927534  17.668851  12.5
2409 Chapman                         196.703337  2.2664953  0.19086731 207.646073 140.886317   3.510728  13.2
2410 Morrison                         67.478686  2.2151742  0.06288961  61.636004 126.639904   2.394617  13.0
2411 Zellner                          29.220569  2.2253893  0.08596125 129.635089 131.065694   1.613733  12.8
2412 Wil                             288.169370  2.6801092  0.14720094 341.384270 303.897397   7.114017  12.0
2413 van de Hulst                     29.199720  3.0175693  0.10756266 251.759590 166.774563  10.647917  10.8
2414 Vibeke                          190.381252  3.2017076  0.12407399  50.049041 357.412796  16.746199  11.7
2415 Ganesa                          287.800841  2.6592667  0.03696964 204.818155  89.866702   2.374399  12.0
2416 Sharonov                        301.984969  3.0137115  0.04535775  95.707095 148.935613  10.497165  11.4
2417 McVittie                         27.252490  3.1903910  0.21658932  20.375782  84.759538   3.105033  11.8
2418 Voskovec-Werich                 295.730670  3.1214838  0.17035102  29.782979  31.764546   1.329102  12.5
2419 Moldavia                        238.667847  2.2957006  0.09259330 260.671301 168.166779   6.391399  13.6
2420 Ciurlionis                      172.364164  2.5603992  0.13308352 197.717357 205.833933  14.635853  12.2
2421 Nininger                        130.545233  3.2341234  0.05170632 268.061934  77.969935  10.168842  10.8
2422 Perovskaya                      182.676808  2.3281664  0.19883150  52.180199 160.179127   6.404647  13.7
2423 Ibarruri                        344.972653  2.1884586  0.28302921  79.875350 265.413803   4.059563  13.2
2424 Tautenburg                      229.850759  2.3515184  0.13388782  91.855491  30.441795   8.910929  12.9
2425 Shenzhen                         42.609618  3.0041973  0.09705508 246.930054  52.817176  10.860582  11.1
2426 Simonov                         158.212878  2.9082718  0.11845221   5.083542 237.467125   8.478702  11.4
2427 Kobzar                          309.764710  2.7417821  0.16568271 170.389266 227.861169   4.146415  12.8
2428 Kamenyar                        250.934302  3.1679538  0.08655514 356.038316   8.829432   9.341486  11.0
2429 Schurer                         350.351719  2.5717169  0.10074395  29.225187  18.054099  15.036010  12.2
2430 Bruce Helin                     282.584450  2.3623508  0.21463406 309.369235  46.088889  23.424659  12.2
2431 Skovoroda                       236.742974  2.6474480  0.27930589 338.333020 329.291203   2.967671  12.8
2432 Soomana                           6.979702  2.3514016  0.11181776  80.735403   8.072025   6.775268  12.8
2433 Sootiyo                         357.644957  2.6067426  0.21880927  69.007566 188.912422  10.402494  11.8
2434 Bateson                         355.784337  3.0845849  0.16739344 287.008953  27.545263  15.619567  11.1
2435 Horemheb                        209.382123  2.2035988  0.20496295 183.434757 162.714366   3.963581  14.9
2436 Hatshepsut                       99.030797  3.1639350  0.11582640 290.881673 234.388242   4.086634  12.1
2437 Amnestia                         77.896861  2.1886386  0.14785196 150.925412 219.185765   2.941060  13.1
2438 Oleshko                          63.288438  2.2439562  0.10764331 170.536878  52.455992   4.904094  12.9
2439 Ulugbek                         198.157160  3.1218116  0.16727979 338.064645 112.541187   0.278132  11.5
2440 Educatio                         86.047305  2.2151347  0.16333230  77.259644 227.471774   4.102615  13.1
2441 Hibbs                           343.613775  2.4095204  0.19248753 216.292053 140.220992   3.739586  13.9
2442 Corbett                           5.405755  2.3874584  0.11798452 104.418498 190.832702   5.082042  12.8
2443 Tomeileen                       209.802186  3.0047169  0.05668644  74.653740 119.001183  11.447831  10.2
2444 Lederle                         149.249502  2.7278427  0.13253568 141.628102 286.347848  15.118702  11.8
2445 Blazhko                          88.909842  2.2693768  0.14639808 341.055546  86.277481   6.069646  12.3
2446 Lunacharsky                     223.917309  2.3550276  0.16021674 250.411265  22.376384   3.323197  12.9
2447 Kronstadt                        45.392078  2.5366684  0.26364059 209.209785 147.033698   8.786012  13.0
2448 Sholokhov                       312.564312  2.7926193  0.11514322  72.018964 131.373640  17.707192  10.4
2449 Kenos                           162.624542  1.9086230  0.16847608 102.092205 179.989762  24.982732  14.3
2450 Ioannisiani                     359.969322  3.1126695  0.11573204  93.521936 117.429346   2.518314  11.3
2451 Dollfus                          18.138944  2.7259765  0.15046308 324.540465 332.291828   8.583000  12.1
2452 Lyot                             23.301812  3.1526861  0.12562433 193.426663   3.412638  11.815709  11.9
2453 Wabash                          231.552296  3.0203713  0.10882668 342.855509  12.201522  10.327489  11.2
2454 Olaus Magnus                    315.561608  2.2514108  0.20278106  75.912143 247.919811   4.727694  13.5
2455 Somville                        171.187240  2.7273986  0.08743203 116.135690 301.026741   7.532841  11.7
2456 Palamedes                       335.598809  5.1539013  0.07688854  94.535504 327.485403  13.894408   9.6
2457 Rublyov                         266.689051  2.6400502  0.06594796  78.356300 140.848096   6.263322  12.7
2458 Veniakaverin                    310.958269  3.1381977  0.12729416 184.214341 128.554321   2.075886  11.8
2459 Spellmann                       342.779532  3.0203055  0.06545335 217.070946 216.494957   9.673998  12.0
2460 Mitlincoln                      346.332668  2.2570669  0.10974191 304.182375 176.245038   3.738601  12.5
2461 Clavel                          209.144250  3.1930767  0.15284039 226.921532 116.271495   2.504567  11.4
2462 Nehalennia                      251.841822  2.4092645  0.13975464  53.667488  99.835559   2.986654  14.1
2463 Sterpin                         180.023411  2.5994778  0.15396325 264.756616 179.188967  13.404379  11.8
2464 Nordenskiold                    237.699589  3.1604028  0.21755662  78.528569   8.604976   0.864341  11.5
2465 Wilson                          278.509258  2.7532769  0.07345396   4.034008 294.390791   3.851942  12.0
2466 Golson                           22.978672  2.6368480  0.16639097 194.305193 159.927643   5.093778  12.1
2467 Kollontai                       252.171487  2.2135627  0.16028211  17.710913 309.445760   5.801784  13.0
2468 Repin                            89.110220  2.3259843  0.15607927  97.454216 216.648849   5.722454  12.4
2469 Tadjikistan                     347.980430  3.1156799  0.12513102 140.452975 152.328682   9.674349  11.6
2470 Agematsu                         22.070584  2.8882944  0.01301608  78.192627  79.703932   3.112322  12.0
2471 Ultrajectum                     156.729754  2.9960402  0.08901083 276.172464  16.470356  10.298387  11.9
2472 Bradman                         164.739387  2.2652665  0.09412749 159.310117 344.897081   5.114772  13.1
2473 Heyerdahl                        26.009873  2.2416647  0.13449797 230.605120 185.835879   5.188003  13.2
2474 Ruby                            154.067833  2.6852734  0.21763164  14.284592 238.123291   7.494950  11.8
2475 Semenov                         318.791467  3.0399061  0.11024153 177.242475 210.415979   9.084337  11.2
2476 Andersen                        322.863083  3.0217970  0.12041069 268.070886  82.619667  10.823753  10.9
2477 Biryukov                         66.165992  2.5583993  0.15240789  87.134856 208.410252   6.082791  12.4
2478 Tokai                           186.111311  2.2251250  0.06889119 233.027689 229.034916   4.135590  12.8
2479 Sodankyla                       115.883557  2.3876407  0.19785251 156.743770 314.999892   2.922085  13.1
2480 Papanov                         204.486572  2.2252671  0.12027550  13.629181  35.312258   2.921127  12.8
2481 Burgi                            42.425447  2.5676798  0.26576770 317.934661  13.788857   2.269264  13.8
2482 Perkin                          282.272540  2.9294211  0.05954552   2.063563 103.234202   3.129752  12.7
2483 Guinevere                       212.109215  3.9747442  0.27291319 183.952063 252.347229   4.496527  10.8
2484 Parenago                        176.636793  2.3432723  0.25496224 147.486056 204.793291   1.190318  14.0
2485 Scheffler                       283.120802  3.2225715  0.21745540 348.201417  98.253393   2.782083  12.8
2486 Metsahovi                       188.265802  2.2678827  0.08078885 100.787807   0.154458   8.410394  12.4
2487 Juhani                          185.959086  2.3972491  0.18342681  36.839661 347.772321   2.820675  13.2
2488 Bryan                           166.361786  2.2642208  0.22436262 300.657268  62.527962   6.889178  13.9
2489 Suvorov                          71.522792  3.1049133  0.15830772 236.881921  56.512640   1.787394  12.0
2490 Bussolini                       173.337156  2.6089635  0.13268509 210.187918 212.798820  12.985316  11.9
2491 Tvashtri                        152.871071  1.8774779  0.05449419 357.574596 125.420347  22.869381  13.7
2492 Kutuzov                         275.700201  3.1815752  0.14987086 260.060426  21.678711   0.839527  11.3
2493 Elmer                           146.090736  2.7903707  0.16920655 147.074241 206.275717   8.709207  12.5
2494 Inge                            282.408700  3.1564368  0.07246208 105.076347 283.843595  11.555792  10.6
2495 Noviomagum                      104.474168  1.9174771  0.10259660 136.177846 199.857845  21.121171  15.5
2496 Fernandus                       280.847146  2.1707641  0.03316309 291.826922 163.327928   0.914805  13.5
2497 Kulikovskij                      81.192002  2.5406596  0.23047038 346.109162 307.208613   5.849633  12.9
2498 Tsesevich                        77.595598  2.9153722  0.08526073 358.439314 332.324660   1.241994  12.0
2499 Brunk                            43.031209  3.1053751  0.11758053  48.862457 192.430383   0.727222  12.1
2500 Alascattalo                     181.478447  2.2402350  0.09958166 160.479561  48.126028   6.993659  12.8