2501 Lohja                           309.450690  2.4217118  0.19589571 227.564567  11.415311   3.326741  12.1
2502 Nummela                           6.443496  2.9344790  0.22486973 130.734286  15.004202  17.802830  11.7
2503 Liaoning                         24.201676  2.1921821  0.21298373  15.743107  12.058359   7.113794  13.9
2504 Gaviola                         346.814020  2.7624782  0.08701279 159.499088  10.303019   4.071885  12.1
2505 Hebei                           112.346370  3.1414664  0.17334314 209.465619  59.305497   2.081937  11.3
2506 Pirogov                          43.268621  2.9000638  0.02103487 297.066235 165.056234   2.159406  11.9
2507 Bobone                           39.338492  2.7792506  0.08217444  98.222446 130.380097  10.311460  11.7
2508 Alupka                          193.671192  2.3686750  0.12623744 118.774761 191.711032   6.082966  13.5
2509 Chukotka                        142.116665  2.4566641  0.19153388 347.897249 343.977101   2.847462  12.6
2510 Shandong                        234.003195  2.2536051  0.19599828 209.352765 103.078692   5.266557  12.6
2511 Patterson                        48.101608  2.2991909  0.10423983 190.280356  85.716090   8.051373  12.5
2512 Tavastia                        219.153322  2.2435190  0.12140979  14.438648  69.694774   6.383757  12.7
2513 Baetsle                         302.873450  2.2859402  0.18068525  97.459288 257.948120   3.162822  13.4
2514 Taiyuan                         298.862859  2.6503298  0.10140042  12.991136 358.974065   2.353086  12.9
2515 Gansu                           335.944492  3.1781482  0.20128363 351.433124  55.970112   4.061895  12.6
2516 Roman                           265.609566  2.2802391  0.16507563 313.119522 123.377975   1.091363  13.7
2517 Orma                            101.173062  3.1791364  0.17892279 292.864889  72.551288   2.627512  11.7
2518 Rutllant                        289.784127  2.3091507  0.17207112  37.958144 205.786156   5.922038  13.4
2519 Annagerman                       78.606251  3.1370204  0.17505605 227.559104  83.897540   2.423583  11.3
2520 Novorossijsk                     12.808676  3.1093442  0.09912779 320.654884   7.010426   6.240319  12.0
2521 Heidi                            49.626758  2.7926959  0.09209589 246.926350 281.562426   7.726588  11.7
2522 Triglav                         305.177482  3.0169912  0.05521833 244.452798 273.083281   8.766911  11.6
2523 Ryba                            255.647563  3.0152720  0.04222008 285.048174 283.060611   8.900681  11.5
2524 Budovicium                       52.435715  3.1167820  0.16028743  21.907838 279.523688   0.289173  10.9
2525 O'Steen                          21.866064  3.1354726  0.19248526 284.217081  87.102207   2.774688  10.5
2526 Alisary                         263.844878  3.1379959  0.18222367  60.951083  17.140889   3.284374  11.9
2527 Gregory                         116.342648  2.4662284  0.18489499 177.610573 186.586194   2.611760  13.0
2528 Mohler                           28.953568  3.1379708  0.18239933 183.393898 162.747195   0.506280  12.6
2529 Rockwell Kent                    81.607661  2.5326548  0.09659429 114.775671 207.465359   4.396381  12.7
2530 Shipka                          244.766255  3.0186020  0.12374698 158.004633 199.013434  10.102778  11.7
2531 Cambridge                       310.856793  3.0080968  0.05401864  38.668094 104.582835  11.038604  10.9
2532 Sutton                          322.862576  2.3722660  0.17140571   7.839168 345.300360   4.342975  12.7
2533 Fechtig                         352.605604  3.1015985  0.16178658 220.319450 201.567040   1.560080  11.7
2534 Houzeau                           3.620428  3.1381242  0.18201672 200.946438 168.210176   0.804988  10.9
2535 Hameenlinna                     286.522406  2.2395392  0.07958423 309.250192 172.937371   3.426853  12.5
2536 Kozyrev                         267.798041  2.3056369  0.22743013  89.994173 275.501387   4.871081  13.0
2537 Gilmore                         287.792019  2.6559410  0.17178969  18.955560 335.345437  12.945263  12.7
2538 Vanderlinden                    342.975571  2.2391045  0.12918907  28.678130  50.453155   4.769493  13.7
2539 Ningxia                         307.279224  2.2628032  0.16923950 214.799978 193.507263   3.976491  14.3
2540 Blok                              6.115275  2.1962581  0.05097236 261.604850 183.648225   1.261587  13.1
2541 Edebono                         108.904807  2.9370782  0.07803236 330.377622  77.237028   3.201544  12.1
2542 Calpurnia                        97.366452  3.1249584  0.08031708  34.939512 146.577990   4.632456  11.4
2543 Machado                          62.087256  3.0820341  0.29312787 286.464416  41.131639  15.063650  11.0
2544 Gubarev                          45.065159  2.3737833  0.23874538 261.191415 305.892649  22.548023  12.3
2545 Verbiest                        282.527859  2.2300006  0.12584493 105.528052 322.906855   5.969944  13.0
2546 Libitina                        183.160054  2.6026490  0.18999217 233.085791 315.677991  10.369750  12.0
2547 Hubei                            66.793133  2.3851815  0.12831264  16.264992 348.677146   6.192963  14.0
2548 Leloir                          114.018595  2.6353913  0.10051585 290.841195 299.906164  18.140664  12.8
2549 Baker                           291.427218  3.1854432  0.18441698 201.668379 197.714816   0.057523  12.7
2550 Houssay                         278.402916  3.1839958  0.17845867 245.222212 158.708009  10.408797  11.2
2551 Decabrina                       348.166503  3.1444712  0.18220579  28.762623  11.165446   0.639732  12.1
2552 Remek                           128.562557  2.1467409  0.18818127 343.305318 343.763148   0.904526  14.6
2553 Viljev                           46.839854  3.0841410  0.05366889 239.384747 120.480099   5.247868  11.3
2554 Skiff                           134.284041  2.2629651  0.14550204 333.157987 296.651804   4.857938  13.0
2555 Thomas                          206.807057  2.8697855  0.08243285  90.790546 283.922690   0.900564  11.9
2556 Louise                          192.524335  2.1626542  0.03733328 345.116973 126.593637   2.787523  13.4
2557 Putnam                          231.696628  2.3496722  0.15537449 189.395755 188.385497   6.057861  12.5
2558 Viv                              62.503140  2.2155540  0.15604083 281.861839  46.319327   5.155058  13.3
2559 Svoboda                         176.344523  2.7865696  0.15509782  86.636714 350.754948   8.885059  12.4
2560 Siegma                          283.220676  2.7528900  0.03473474 281.535656 148.701353   5.936534  11.7
2561 Margolin                        161.875537  2.4312647  0.13772334 276.498822 166.260230   2.483712  13.3
2562 Chaliapin                       275.886048  3.0082721  0.04946246 238.141900 340.261485  10.260634  11.3
2563 Boyarchuk                       291.222857  3.1968789  0.13600945  42.026058 114.712409   2.039525  11.3
2564 Kayala                          356.404093  2.2370090  0.10839061 295.449581 153.616979   1.960654  13.3
2565 Grogler                         263.407069  2.3562564  0.23406327  35.768750 344.182947   2.041466  14.5
2566 Kirghizia                        72.190043  2.4492207  0.07946912  80.074342  51.754578   5.084275  12.6
2567 Elba                             21.016912  2.7379776  0.14211885 191.386046 142.949074   8.912946  11.8
2568 Maksutov                        142.860269  2.2043861  0.18874532 194.620733  87.712251   8.038495  13.1
2569 Madeline                          8.334668  2.6262036  0.16143440 312.778482  76.627107  11.473791  11.2
2570 Porphyro                        245.837118  2.7651739  0.10724096  96.231083 324.735184  16.246710  12.2
2571 Geisei                           44.073262  2.2278596  0.19439274 284.191044  67.065008   2.874331  13.0
2572 Annschnell                      304.240870  2.3921175  0.14476071  50.413366 200.661193   5.140427  13.4
2573 Hannu Olavi                     208.691269  3.0132986  0.10630179 151.167980  54.299388  12.967261  11.4
2574 Ladoga                          129.991069  2.8500713  0.07102000 306.264460  22.449373   2.117416  11.3
2575 Bulgaria                        182.434336  2.2394816  0.12360910 286.767057 322.253154   4.678038  12.6
2576 Yesenin                         160.897324  3.0858343  0.13335391   0.948027 311.618255  12.199406  11.3
2577 Litva                            11.322829  1.9043408  0.13775013 283.999217 182.703113  22.909661  13.2
2578 Saint-Exupery                   129.387896  3.0049542  0.09079013 337.844213  56.019390  10.573264  11.4
2579 Spartacus                       199.571116  2.2099760  0.07513252 333.323369 281.181478   5.776730  13.0
2580 Smilevskia                      159.859223  2.1828946  0.19504962 221.506315 119.392306   1.612738  13.3
2581 Radegast                         66.137535  2.2362632  0.09823152 192.801660 260.899155   2.491063  13.3
2582 Harimaya-Bashi                   73.530715  3.2011021  0.06571749 243.976389  56.519950  18.166471  10.5
2583 Fatyanov                        297.057834  2.2516991  0.20982359 310.059027  47.320265   6.880469  13.0
2584 Turkmenia                       190.238094  2.2278186  0.06566895 238.083082  50.112515   1.440675  13.3
2585 Irpedina                        316.183498  2.4259574  0.23495106 246.910372 136.701478   5.986970  12.5
2586 Matson                          266.789461  2.3870132  0.08862007 154.092380 166.706416   4.361523  12.9
2587 Gardner                         107.539425  3.1644479  0.15576962 186.741827  87.815546   2.632626  11.2
2588 Flavia                          160.511711  2.4586208  0.20979993  95.399478 243.003116   2.262089  13.2
2589 Daniel                          284.440239  2.8782940  0.08332888 208.682083 149.190759   2.617524  12.4
2590 Mourao                          231.360487  2.3419382  0.11792259 165.716876 223.941771   6.123503  12.7
2591 Dworetsky                       313.071702  2.9391770  0.03701205 268.251247 356.781244   1.550420  11.4
2592 Hunan                           244.173238  3.1167557  0.12611812  10.148072 204.821417   1.330154  11.6
2593 Buryatia                         48.402896  2.1697325  0.07971725  76.671190  63.136294   0.215962  14.3
2594 Acamas                          342.171221  5.1114300  0.08606465 279.311599 356.805261   5.518143  11.5
2595 Gudiachvili                     245.005270  2.7843638  0.14573657 276.816560 148.845417   9.870598  12.2
2596 Vainu Bappu                     104.551546  3.0337528  0.06381436 250.087517 139.147270  10.241117  12.8
2597 Arthur                          108.559866  3.0088274  0.14934340 275.152392 120.334783   1.089954  11.9
2598 Merlin                          252.158514  2.7800852  0.21806456 215.994201 198.186337   7.793574  12.6
2599 Veseli                          166.249154  2.5354895  0.16354380 340.841962 353.722996  15.331581  11.2
2600 Lumme                           223.907358  3.0150542  0.08745184 210.163392  95.797714  11.723874  11.4
2601 Bologna                           4.529327  3.1295271  0.05966840 199.677244 288.535110   9.602312  11.2
2602 Moore                            86.785911  2.3857092  0.10494127  65.359107 158.378970   5.538352  13.0
2603 Taylor                           20.572218  2.7830423  0.04424952 280.842855  38.034320   3.058221  12.2
2604 Marshak                          26.904267  2.3882608  0.23159006 134.879629 123.193623  14.852058  12.9
2605 Sahade                          130.489426  3.0935848  0.07666977 173.030232 172.155770   9.401277  12.7
2606 Odessa                          308.366648  2.7663640  0.25945208 351.820745 197.712987  12.356640  11.3
2607 Yakutia                         242.004807  2.3765711  0.22832831 336.237610 359.937015   2.102122  13.4
2608 Seneca                           58.930875  2.4927833  0.58113977  33.962077 169.580770  15.328496  17.5
2609 Kiril-Metodi                    137.309092  2.2223396  0.08725498 244.716871 304.135319   5.718878  13.3
2610 Tuva                            189.701592  2.1587663  0.09929305  39.502985 205.716666   0.668749  13.3
2611 Boyce                           113.068163  3.0473479  0.04772728 138.481507  72.507892   3.324052  12.2
2612 Kathryn                         355.125795  2.8965038  0.16358691   0.219786 132.974183  20.179092  10.8
2613 Plzen                            80.717754  3.0395011  0.04992709 199.847514 277.925610  13.005170  11.2
2614 Torrence                        319.887238  2.3377293  0.16810040 227.734476 105.740842   6.923185  13.3
2615 Saito                           144.417227  3.1672337  0.16353566 343.579660 323.263910   4.278346  12.2
2616 Lesya                           265.260702  2.1621042  0.07620767 201.320155 146.803570   1.441782  12.5
2617 Jiangxi                          18.348073  3.1681647  0.22632804 345.369000  74.011414  12.830552  10.4
2618 Coonabarabran                   168.062197  3.0273641  0.10976286  76.064471 281.730687   9.232520  12.0
2619 Skalnate Pleso                  261.763976  3.0091926  0.04306582  57.844249 204.907792   1.112373  12.8
2620 Santana                         234.999387  2.8570015  0.07397823 316.386691  73.184075   3.092206  12.7
2621 Goto                            216.648110  3.0871368  0.16929560 274.274615  95.943760  13.027370  10.7
2622 Bolzano                         255.798212  3.0031010  0.09947028 220.749975 134.989318  10.997180  11.7
2623 Zech                             87.191558  2.2549010  0.23476548  22.261089 349.347896   4.064218  13.1
2624 Samitchell                      241.873362  3.9609771  0.11992423 145.308559 162.162500   2.773530  10.7
2625 Jack London                     235.212685  2.1962845  0.14072342 170.225410 128.902674   4.456162  13.1
2626 Belnika                         262.991681  2.8506858  0.02190832 124.167797 356.201736   1.495293  11.7
2627 Churyumov                       153.430420  3.1087575  0.17442467 316.767400 109.678348   2.498034  12.0
2628 Kopal                           253.189306  2.9077403  0.15023117 148.523970 206.901552   1.331835  12.7
2629 Rudra                           335.660271  1.7402839  0.22894013 280.543866 343.594343  23.442246  14.5
2630 Hermod                           97.141082  3.0789195  0.11689773  20.485676   3.242740   1.925751  11.8
2631 Zhejiang                        266.278985  2.7958956  0.16256823  18.225798  25.107673   9.609550  12.0
2632 Guizhou                         190.788497  3.0417735  0.10343792 307.251114  18.932190  10.444419  11.4
2633 Bishop                           97.611988  2.2244551  0.13877224 265.986207  62.555989   3.129828  13.1
2634 James Bradley                   220.659352  3.4600003  0.06479106 340.738951 134.433784   6.434392  10.2
2635 Huggins                         310.848100  2.2315820  0.07916813 270.527510 277.226175   4.167225  12.9
2636 Lassell                         335.550056  3.0049298  0.07419199 147.454996  99.021173  10.463103  11.0
2637 Bobrovnikoff                    106.790504  2.2548694  0.23490775 343.102225 356.337999   4.936997  13.2
2638 Gadolin                          99.023581  2.5550410  0.08209709 171.901164 246.046655  14.374833  12.1
2639 Planman                          47.315098  2.4475383  0.18884710 167.056812  79.474708   9.648521  12.9
2640 Hallstrom                       136.687074  2.3998071  0.08656240 191.675389   4.673129   6.651258  13.0
2641 Lipschutz                       159.038799  2.3802345  0.13171048 164.942950  27.889659   9.020022  12.7
2642 Vesale                          257.649257  2.4256778  0.18452736 164.987120 201.301169  14.470859  12.7
2643 Bernhard                        244.607238  2.3768035  0.27469970  65.809694 348.686993  22.959526  15.0
2644 Victor Jara                     311.384481  2.1703465  0.16479065 309.121833 347.883063   2.686361  13.8
2645 Daphne Plane                    258.922442  2.3916787  0.10722320  79.269751 349.975582  13.783366  12.3
2646 Abetti                          171.090243  3.0143496  0.09440525  41.186806 352.721741   9.667184  11.6
2647 Sova                             65.649841  2.2441226  0.13661584 122.041072 290.890086   3.935609  12.5
2648 Owa                              70.267683  2.2505784  0.17369529 130.962672 280.200568   4.792464  12.9
2649 Oongaq                           40.841816  2.6266317  0.14112566 169.407406 245.634625  12.200902  11.8
2650 Elinor                           59.681388  2.6341434  0.19817879  22.098820 332.632481  13.974201  11.5
2651 Karen                           134.185993  2.9858702  0.32571612 277.012608 126.515950  17.757295  11.1
2652 Yabuuti                          50.913874  2.6351595  0.08384764 293.077314  64.755611   6.988885  13.6
2653 Principia                       195.481235  2.4461859  0.07886202 314.449690 194.741220   4.729309  12.1
2654 Ristenpart                      286.519662  3.0458715  0.09987705  33.946839 207.120281   7.452201  12.5
2655 Guangxi                          45.377471  3.1981604  0.15337931 352.511878  88.315258  17.138937  11.2
2656 Evenkia                         283.903596  2.2550935  0.08064909  75.356910  96.075031   3.198279  13.5
2657 Bashkiria                        65.039923  3.1834710  0.14540582  11.980698  50.493959   2.244989  11.6
2658 Gingerich                       145.028522  3.0722281  0.29180575 318.133163 215.548761   9.297320  12.4
2659 Millis                          138.239887  3.1166704  0.11742665 330.280855 157.408945   1.313448  11.2
2660 Wasserman                       213.135815  2.6177704  0.17093354  85.155018 204.386003  12.325790  12.1
2661 Bydzovsky                       123.027149  3.0255194  0.09511438 119.445873 321.466855   9.936683  11.3
2662 Kandinsky                       275.671137  2.4401386  0.16008547  99.723721 339.665022   2.918055  14.4
2663 Miltiades                        17.315121  2.2337471  0.13890740  82.290801  28.649959   6.223768  14.0
2664 Everhart                        122.232500  2.3810175  0.18257151 206.412303 167.926310   3.258993  13.8
2665 Schrutka                        292.583249  2.2474144  0.08546665 287.798719 276.217893   4.788152  13.2
2666 Gramme                           76.183100  3.1941214  0.21092817 205.002378 200.896726  13.351187  11.7
2667 Oikawa                          157.431960  3.2331902  0.18115862 298.835842  61.104043   2.235278  12.2
2668 Tataria                          49.705722  2.3164144  0.07790784  61.995930 298.353020   3.153149  13.3
2669 Shostakovich                    273.117410  2.7769827  0.22205267  95.134739 292.889222   7.778630  12.6
2670 Chuvashia                       135.951036  3.1674014  0.07651992 175.814428 285.202299   9.837571  10.5
2671 Abkhazia                        312.254327  2.6094583  0.12087134 155.796778 228.480102   1.468042  13.4
2672 Pisek                           164.278073  2.6110506  0.15203212 152.491171 129.159235  14.162314  11.7
2673 Lossignol                        47.329430  3.2172162  0.13536483 167.654155  71.839642   2.288489  12.5
2674 Pandarus                         69.286793  5.1751838  0.06843892  38.189308 179.908843   1.852916   9.0
2675 Tolkien                         160.917329  2.2131951  0.10134861   1.662938   6.075998   2.757220  12.5
2676 Aarhus                          140.682216  2.4037628  0.12586062  45.298704 289.854672   4.550166  12.8
2677 Joan                             47.237304  2.9912028  0.04847860  11.586084 195.256668  10.094093  11.6
2678 Aavasaksa                       332.852806  2.2594737  0.08558829  46.119931  54.129970   3.447521  12.4
2679 Kittisvaara                     205.092025  2.6225588  0.10271358 280.920818 208.363467  10.082720  11.9
2680 Mateo                            20.251908  2.4032727  0.21420846 335.866554   3.231672   2.433693  13.5
2681 Ostrovskij                      265.015332  2.7481533  0.19057879  61.408995  66.920547   3.982070  12.3
2682 Soromundi                       187.117365  2.2707121  0.16958861 182.776455 127.444839   5.492688  13.8
2683 Brian                           306.646813  2.9147378  0.06183313  18.017408 342.862675   1.494698  11.8
2684 Douglas                         342.636947  3.0491334  0.03997506 100.090173 151.365003   9.917707  11.6
2685 Masursky                        131.254952  2.5666913  0.11322698 288.406219 215.499734  12.127441  12.2
2686 Linda Susan                     174.577696  3.0067258  0.05013568 280.709074 226.239564   9.294995  11.6
2687 Tortali                         293.438765  2.5195981  0.12143136 255.634676  49.845463  10.091248  11.9
2688 Halley                          283.327502  3.1610052  0.15076901 180.494169  95.666121   3.466982  11.6
2689 Bruxelles                       314.914502  2.2323508  0.11855293  10.489458 190.807087   5.503110  13.9
2690 Ristiina                        269.496602  3.0310317  0.12056751 261.848915 136.534697  11.440807  11.1
2691 Sersic                           61.174947  2.2447051  0.11203878 276.634065 320.171152   3.596807  13.4
2692 Chkalov                           6.081124  2.5824544  0.18233764 299.734336 236.552536   9.301206  12.3
2693 Yan'an                           50.103442  2.2394290  0.18037003 345.848450  59.942151   7.304194  13.3
2694 Pino Torinese                   220.854446  2.3074222  0.10571413 342.767112 250.230184   1.588545  13.8
2695 Christabel                      112.060608  2.7093194  0.07697262 288.014742  63.342496  14.879305  12.3
2696 Magion                          345.559168  2.4504158  0.11277323 283.115960 186.442756  25.339766  12.0
2697 Albina                           69.147322  3.5513511  0.09654854 129.062430 271.715904   3.607011  10.2
2698 Azerbajdzhan                    350.836303  2.6615440  0.05314618 241.578126 206.747647   6.875047  11.9
2699 Kalinin                          70.333661  2.6382283  0.16843484 293.832860  64.403122  16.120231  11.7
2700 Baikonur                        129.523669  2.9064310  0.04597572 275.510696 171.665204   2.395896  12.1
2701 Cherson                         229.768279  3.1743806  0.14051334 285.180454  14.610109   6.261302  12.5
2702 Batrakov                        194.464158  3.4246936  0.08398430 310.397597 246.435564   1.582010  11.5
2703 Rodari                          319.082555  2.1936336  0.05724811 170.308760  49.588730   6.036609  13.5
2704 Julian Loewe                    257.512972  2.3864379  0.09642131 251.341415 207.660799   4.510517  13.2
2705 Wu                              192.125581  2.1903925  0.15954315 334.386094   8.505800   4.528580  13.6
2706 Borovsky                         39.664508  3.0182800  0.04488030  98.603197  51.154161  10.864334  11.9
2707 Ueferji                         277.683371  3.1845517  0.13850129 343.071946  79.996313   2.680100  11.6
2708 Burns                             0.177941  3.0884193  0.16741626 330.237257 111.972887   2.779044  11.8
2709 Sagan                           358.979982  2.1954821  0.06997488 307.682446 241.366469   2.729550  13.3
2710 Veverka                         128.754202  2.4257172  0.12918553  32.432146 144.586560   3.111499  13.5
2711 Aleksandrov                     271.903921  3.0042634  0.09970524 208.136536 158.101313  10.274604  11.5
2712 Keaton                          338.148005  2.1619534  0.03684959 334.858370 169.962457   0.816217  13.5
2713 Luxembourg                       53.316138  2.8581130  0.02479910 302.782358 340.194949   1.359200  11.5
2714 Matti                           271.595230  2.2444537  0.20483864 144.212434 134.361278   6.090784  13.4
2715 Mielikki                        115.838690  2.7352497  0.15153504 142.973278 200.989184   6.724423  11.9
2716 Tuulikki                         40.448963  2.3687933  0.10600459 163.367386 218.675641   5.955224  13.3
2717 Tellervo                        239.605064  2.2150605  0.21784974 163.266198 165.025943   3.279586  12.6
2718 Handley                         206.540572  3.1146052  0.16020249 259.276357  45.224771   1.503899  11.7
2719 Suzhou                          335.934124  2.1878456  0.12252757 321.168787 125.484612   0.622775  13.5
2720 Pyotr Pervyj                     97.054964  2.3303633  0.20363799 236.178164 113.590243   3.287305  13.9
2721 Vsekhsvyatskij                   96.568619  3.2264266  0.18459148 278.546167  85.204942   2.230536  12.0
2722 Abalakin                        290.340206  3.1968113  0.15426103 111.896538 133.660169   1.669782  12.1
2723 Gorshkov                        181.560877  3.1284194  0.19050025 228.521049 153.280278   2.069290  12.5
2724 Orlov                            48.009366  2.9258319  0.12556712 144.715849 153.859197   3.977532  11.7
2725 David Bender                    245.242652  3.0338161  0.15312081  24.376723  62.157421  15.591587  10.4
2726 Kotelnikov                      295.278163  2.8610046  0.07601608  44.563971 356.221691   1.569249  12.5
2727 Paton                            67.656402  2.6106469  0.10113930 279.649803 202.635074   3.509968  12.3
2728 Yatskiv                          13.895955  2.4569200  0.16774839  97.569953 201.526973   2.595469  12.4
2729 Urumqi                          337.354788  2.8879134  0.07026939 267.448548  64.331276   3.173056  11.4
2730 Barks                           334.191448  2.7200830  0.12919649 271.330283   5.184268   6.443182  11.6
2731 Cucula                          270.687870  3.1756197  0.20233899 127.817100 151.572726  13.226111  10.7
2732 Witt                             17.761995  2.7590394  0.02349831 279.685248 145.284853   6.498947  12.1
2733 Hamina                          319.088871  2.3469345  0.13532150 353.268426 121.665350  10.396137  13.2
2734 Hasek                           355.079896  3.1620088  0.02554128 155.135981  37.452153  16.559405  11.4
2735 Ellen                            38.029364  1.8568313  0.05463888  59.306750 344.697936  23.059894  14.3
2736 Ops                             163.810520  2.2907514  0.08455093  64.321710 255.736262   7.452571  12.8
2737 Kotka                           154.560157  2.7459037  0.19595008 104.081388 340.005702   8.806395  11.9
2738 Viracocha                       340.048717  2.7201289  0.11417505 266.742059 291.147671   1.117156  12.2
2739 Taguacipa                        34.335067  2.4572893  0.13134178  35.967099 268.110326   1.169397  12.7
2740 Tsoj                            294.392339  3.0026881  0.06333561  93.718827 198.384239   9.367208  11.7
2741 Valdivia                        304.846060  2.6061248  0.18659122  90.363798 151.547041  10.264362  12.0
2742 Gibson                          344.429043  2.9100686  0.06360820 283.529514 122.996189   3.159302  12.1
2743 Chengdu                         222.015607  2.6530676  0.17625062 137.231155 252.447316  12.291649  12.6
2744 Birgitta                        187.885880  2.3024282  0.33228807  43.325866 315.939428   6.766809  14.8
2745 San Martin                       41.710678  2.2888029  0.18920495 303.775085 137.956233  22.399184  13.2
2746 Hissao                           88.548796  2.2476911  0.08518522 321.703625 177.372229   3.971241  13.4
2747 Cesky Krumlov                   359.543587  3.1063323  0.11571930 302.873486 345.599343   5.840621  11.6
2748 Patrick Gene                    134.597201  2.8063096  0.13412951 346.810153 350.663293   4.229153  12.7
2749 Walterhorn                      221.695003  3.1715766  0.17404224  77.148630 355.310537   0.331438  12.1
2750 Loviisa                         156.168461  2.2120284  0.07551422  81.691109  45.942929   5.177034  13.1
2751 Campbell                        143.631322  2.4061794  0.17318321 201.717848 246.674378   1.482855  12.7
2752 Wu Chien-Shiung                  76.199126  3.0254680  0.10502255 194.869209 186.649337  10.102899  11.4
2753 Duncan                           12.058636  2.7898086  0.03822079 128.335878 344.776580   6.875131  12.3
2754 Efimov                          185.984281  2.2283127  0.23218852  90.697083 275.462892   5.709070  13.5
2755 Avicenna                         49.081240  2.8497636  0.25454089 147.778858 232.975343   4.532222  12.4
2756 Dzhangar                        292.039260  2.5510443  0.11476223  19.759780 350.799633   5.757100  13.0
2757 Crisser                         227.337541  3.1591334  0.20445698  52.388502  10.256345   0.688307  11.3
2758 Cordelia                        282.610023  2.5508346  0.27564914  65.740379 335.921114   2.813707  13.7
2759 Idomeneus                       236.114582  5.1660636  0.06540283   6.205103 171.241098  21.968827   9.8
2760 Kacha                           317.032892  3.9805685  0.12092549 155.231795 352.888208  13.464883  10.0
2761 Eddington                        84.609792  3.0739161  0.18765828 101.050229  31.483103   3.184445  12.1
2762 Fowler                          314.299993  2.3304809  0.15147247 186.604524 304.324669   4.701320  13.2
2763 Jeans                            84.091729  2.4035062  0.21653867  33.388522 308.977627   3.539921  12.6
2764 Moeller                          24.312431  2.2465911  0.08403336 251.656813 284.155238   1.991513  13.6
2765 Dinant                           67.270760  3.1478452  0.05642617 138.881520 348.422850  14.025177  11.8
2766 Leeuwenhoek                      47.123677  2.5483786  0.17985531 146.404926 330.676509   6.526654  13.0
2767 Takenouchi                       49.969027  3.0205565  0.08917745 253.683706  66.150605  10.879918  11.6
2768 Gorky                           240.484417  2.2337305  0.17126140 334.751672  53.451658   6.279584  12.3
2769 Mendeleev                        39.612099  3.1374846  0.13238884  50.287139 102.444863   2.522696  12.1
2770 Tsvet                            27.533453  2.1701085  0.06418766 135.050548  38.887187   2.864325  13.5
2771 Polzunov                        216.335825  2.6789061  0.22588721 115.168211 207.973238  13.929818  12.0
2772 Dugan                           114.162071  2.3143369  0.20427070 311.354595 130.768940   9.792885  13.4
2773 Brooks                          128.627216  2.3284456  0.14182703 296.400993 101.367134   3.668239  13.3
2774 Tenojoki                        261.664204  3.1782570  0.14603402 111.520157 291.398127   8.539497  11.1
2775 Odishaw                         290.702760  2.4214428  0.18677876 306.296453 102.337705   3.735853  13.6
2776 Baikal                          219.138129  2.3703435  0.17233918 320.308699 187.779725   4.776537  12.5
2777 Shukshin                        313.327458  2.3700962  0.08983399  96.057368  37.027021   4.917973  13.1
2778 Tangshan                        191.133369  2.2814096  0.12118263 286.205132  92.101094   4.615096  13.0
2779 Mary                             55.562934  2.2116522  0.06254622 122.050836  80.413221   3.892365  13.3
2780 Monnig                           81.447442  2.1945509  0.11530850 311.720763 275.254902   5.461839  13.3
2781 Kleczek                         256.914819  3.1415502  0.18977261 258.718197 146.962102   2.309748  11.7
2782 Leonidas                        246.603965  2.6826391  0.21877893 310.670160  10.940325   3.779531  13.6
2783 Chernyshevskij                  280.500042  2.5594462  0.16627661 170.439263 198.368884   0.773815  13.2
2784 Domeyko                         254.897455  2.2420793  0.17315605 180.399688 108.267661   6.692208  13.4
2785 Sedov                           311.968368  2.8743915  0.04055714  92.175400 334.942936   1.443227  12.2
2786 Grinevia                        237.712333  2.6051174  0.17668358  19.813472   9.491098  13.275916  12.0
2787 Tovarishch                      213.238740  3.0179293  0.06383030  58.877314  30.718079  10.334643  11.3
2788 Andenne                          94.449831  2.5592353  0.10133339 132.766156  14.816826   2.630572  13.3
2789 Foshan                          216.842651  2.2273710  0.16386284 140.753957 242.968255   3.812008  13.6
2790 Needham                         198.674709  2.6514072  0.18168829 358.598404  50.958907  14.667378  12.8
2791 Paradise                        272.033275  2.3971788  0.17081842 165.686518 336.230191  31.047199  11.5
2792 Ponomarev                       154.681094  2.2762384  0.12919572  71.421710  16.879674   9.370959  13.3
2793 Valdaj                           66.679741  3.1609205  0.03993300 181.215458 356.859221  22.159557  10.8
2794 Kulik                            25.882145  2.4445430  0.21740065  75.823595 330.886688   7.483848  12.7
2795 Lepage                           73.217156  2.2956450  0.02949846 284.774699 213.604312   6.033685  13.2
2796 Kron                             54.124659  2.6415052  0.11355950  53.334908 158.878966  14.018454  12.3
2797 Teucer                          281.224495  5.1308375  0.09172697  45.622741  69.979549  22.361726   8.4
2798 Vergilius                       356.437607  2.4177311  0.05853489 172.836889 219.805242   5.323264  13.1
2799 Justus                          137.126958  2.3878210  0.12671212  18.893144 283.255841   5.297890  14.5
2800 Ovidius                         340.247517  3.1554238  0.13406492 176.456130 103.016437   3.063116  12.8
2801 Huygens                         160.532083  2.8024648  0.17124394 313.575327  34.532856   9.556563  12.2
2802 Weisell                         234.976799  3.1117782  0.12061461  62.393916 129.570100   9.614664  11.0
2803 Vilho                            96.858152  3.1505320  0.16999778  43.984551  21.082421   1.333377  11.8
2804 Yrjo                            272.844625  3.0153662  0.07357330 167.530727 109.624171  11.213131  11.7
2805 Kalle                           321.620755  2.6935266  0.14686669 310.368245  49.326290   6.892071  12.2
2806 Graz                            246.707516  2.3787501  0.04761690 312.170078 116.139720   2.339813  13.3
2807 Karl Marx                       335.068745  2.7927931  0.18217133  93.011563  28.585186   7.883447  12.6
2808 Belgrano                        215.436159  3.0031890  0.08756896 113.425433 315.034336   8.964419  11.0
2809 Vernadskij                       87.911590  2.4281703  0.17863112 347.868036 357.543427   2.474144  13.6
2810 Lev Tolstoj                     191.424074  2.6056732  0.15230155 259.206820 193.501384  12.732630  12.6
2811 Stremchovi                       28.043405  2.8649821  0.03453607 114.022509 332.497469   1.036740  11.9
2812 Scaltriti                        99.371851  2.2239904  0.09184852 100.092455  68.356378   6.815913  13.5
2813 Zappala                         302.092468  3.1416879  0.14269909 246.899574 232.026154  14.731768  11.0
2814 Vieira                          354.209434  2.8697768  0.07382670 178.385142 154.251056   2.454663  12.6
2815 Soma                            260.974860  2.2327254  0.16883670 237.452945 120.005474   5.705105  13.2
2816 Pien                            182.482586  2.7285164  0.18646100 263.785217  94.062006   7.721380  11.7
2817 Perec                           144.025818  2.3582735  0.17884567  96.875180 255.074723   2.265707  13.9
2818 Juvenalis                       328.298045  2.3754330  0.15218941 101.292397  61.001001   2.961107  13.7
2819 Ensor                            59.006050  2.7575232  0.20323195 343.221354  18.536219   2.443280  12.2
2820 Iisalmi                         256.179428  2.2288896  0.16193262 159.718894 216.994010   2.940659  12.9
2821 Slavka                           36.973189  2.4388225  0.19704564 348.832067  58.862043   6.753585  13.4
2822 Sacajawea                       225.779236  2.5832430  0.12511670  20.609512  93.583187  14.713276  12.4
2823 van der Laan                     28.887118  2.4101773  0.09084664 126.704955 248.754917   3.825954  13.2
2824 Franke                          138.525056  2.3263953  0.20636339  71.319193 313.041457   3.372315  13.8
2825 Crosby                          237.908080  2.2452097  0.17434402  81.419447 329.698318   3.523514  13.4
2826 Ahti                            243.849171  3.2216021  0.04034308 157.156298  33.859289  15.488441  10.8
2827 Vellamo                         338.249773  2.3091868  0.03164234 203.902066 345.718265   8.635971  12.0
2828 Iku-Turso                       340.391829  2.2415432  0.08959747  23.998016  74.516422   3.306862  13.3
2829 Bobhope                          77.393117  3.0815755  0.19404538 340.559592 324.233129  14.332794  10.3
2830 Greenwich                         2.061557  2.3774516  0.20804579 140.341869  49.162623  25.335778  12.6
2831 Stevin                          151.908706  2.2258209  0.19756412 272.666133  82.102106   4.219780  12.6
2832 Lada                              6.430284  2.4756242  0.08712896 347.909978 162.966048   4.166885  12.6
2833 Radishchev                       32.450849  2.8775437  0.07109026 347.140060 337.287761   1.340557  12.2
2834 Christy Carol                    35.819817  2.5426252  0.15675915 279.175494 208.826878   6.440702  12.0
2835 Ryoma                           211.529742  2.7462120  0.07914338 348.762628   5.681329   1.338407  12.1
2836 Sobolev                          27.974399  3.0036380  0.09745873 323.076431 348.421645   9.688199  11.4
2837 Griboedov                        97.123333  2.9042400  0.05896206   1.690048  62.123727   2.889251  11.9
2838 Takase                          151.224415  2.3412863  0.18863955 333.338989  80.441980   2.130600  14.6
2839 Annette                         270.541474  2.2164203  0.15041377   6.347721  44.727591   4.812330  12.3
2840 Kallavesi                       158.431154  2.3986882  0.09230915 262.706795  59.209909   8.520060  12.8
2841 Puijo                           112.722632  2.2524602  0.08419871  88.486411  91.757699   4.915266  12.7
2842 Unsold                          280.738076  2.6164363  0.10017460 202.094213 310.281089  11.731610  12.0
2843 Yeti                            117.109279  2.2978558  0.12975581 254.563289 256.420247   5.461931  13.0
2844 Hess                             27.715276  2.2213974  0.17057092 151.042297 127.878865   2.951975  13.4
2845 Franklinken                      11.161847  2.2609480  0.16220446 134.995116 144.554593   6.010446  13.4
2846 Ylppo                           193.009098  3.2223121  0.06717937  79.562674 144.894466  11.411786  10.7
2847 Parvati                          11.636018  2.1689600  0.11500235  11.724767 247.218542   2.448147  12.5
2848 ASP                             306.753517  3.1937102  0.20287537  53.297031 339.103937   0.923755  11.1
2849 Shklovskij                        5.459264  2.5679198  0.01093380 303.763522  44.221636   6.799997  12.7
2850 Mozhaiskij                      357.381154  2.4491018  0.04835191 344.087360 106.237518   7.848087  11.9
2851 Harbin                          359.688302  2.4788058  0.12327696  15.340700  50.684949   8.556781  12.3
2852 Declercq                        203.987491  2.7856916  0.08448542 256.627247 110.180227   1.700088  12.3
2853 Harvill                         204.856391  2.3441639  0.14474313 201.997017 204.577990   4.148622  13.4
2854 Rawson                          159.431837  2.2054832  0.12191253 280.113020 292.608538   5.763315  13.2
2855 Bastian                          79.027650  2.4550734  0.16657507  99.451495 339.532282   8.146896  13.0
2856 Roser                            17.621399  3.0303113  0.00187451 287.398698  17.246974   9.913964  11.0
2857 NOT                              74.099829  2.3999143  0.09647197 332.192425 150.065591   5.736737  12.7
2858 Carlosporter                    307.736401  2.2665479  0.19441137 181.701434 128.729976   6.696011  13.7
2859 Paganini                        192.628846  2.2399300  0.11768268 340.660302 165.471883   3.551071  13.5
2860 Pasacentennium                  180.461912  2.3321285  0.21491273  70.699884 334.664988  22.707639  12.6
2861 Lambrecht                        85.377441  2.4723251  0.07169911 224.894994 188.824171   4.044280  12.4
2862 Vavilov                         241.195803  2.2014776  0.11446092 278.033359 225.994898   3.479878  12.8
2863 Ben Mayer                       359.439743  3.1643571  0.19775876 222.487675 120.875037   1.967381  12.0
2864 Soderblom                       121.407849  2.7451051  0.14990157  11.149709 135.452847   3.137913  12.5
2865 Laurel                          186.640732  2.5598342  0.07261031 294.492377 321.893062  14.300445  11.4
2866 Hardy                           155.690858  2.9130309  0.20117840  24.088180 317.421373   8.241364  11.9
2867 Steins                           29.759336  2.3639163  0.14695602 250.457099  55.658394   9.941491  12.9
2868 Upupa                           155.093498  2.8154634  0.17541209 261.894033 138.316842   7.543808  13.1
2869 Nepryadva                       106.771549  2.6345162  0.17533889 297.725762 357.476286  12.890391  12.1
2870 Haupt                           159.132304  2.3925505  0.21119640 279.520477  86.141055   4.155436  12.8
2871 Schober                         329.027917  2.2584163  0.13957047 335.019276  28.537206   5.775029  12.9
2872 Gentelec                        153.491459  2.7391074  0.12063006 238.944969 241.786951   2.868368  12.4
2873 Binzel                          230.959018  2.2512200  0.15812626 167.759137 101.144832   5.899167  13.0
2874 Jim Young                       227.144390  2.2441859  0.13430990 322.375610  79.339135   4.894240  13.2
2875 Lagerkvist                       96.849016  2.7949453  0.10296270 169.979886 340.693057   9.043795  12.2
2876 Aeschylus                       273.172237  2.6034995  0.11748384  96.782304   3.072266  14.890605  12.9
2877 Likhachev                       146.577630  3.1084577  0.19443084 231.206547  81.139100   2.341485  12.1
2878 Panacea                         135.745134  3.0449517  0.08442470  14.092093 318.536724  10.269989  11.7
2879 Shimizu                         137.969664  2.7696056  0.14331762  24.118276 149.657093  10.741138  11.7
2880 Nihondaira                      123.604759  2.2026819  0.16850233 246.478750  39.870556   5.743424  12.6
2881 Meiden                          197.939338  2.2490949  0.15402002 326.293286 173.189876   4.610790  13.4
2882 Tedesco                         349.105792  3.1594236  0.18967767   7.961921 316.124767   0.293049  11.9
2883 Barabashov                      135.535685  2.2468413  0.08137050 151.105062  48.583050   1.411297  13.3
2884 Reddish                         154.969350  3.1125161  0.17470547  15.350945  41.499525   1.949989  11.8
2885 Palva                           187.680208  2.2375842  0.19411954  43.993492 349.392116   2.874938  14.1
2886 Tinkaping                       350.681917  2.3663760  0.15367119 332.095153 107.793912   1.307890  13.2
2887 Krinov                           98.371853  2.2589683  0.15047128 148.809664 119.170636   4.375380  13.0
2888 Hodgson                         197.159939  2.2568857  0.13227486  78.727133 351.604430   7.629760  13.1
2889 Brno                            114.799149  3.0214442  0.11674477 119.350079 220.874352   9.467632  11.5
2890 Vilyujsk                        269.886593  2.2597878  0.16108670  50.677822 356.990065   6.626393  12.9
2891 McGetchin                       235.874596  3.3653960  0.11826551 246.038953 115.353866   9.324297  11.2
2892 Filipenko                       316.531514  3.1674232  0.21648988  90.081429 327.065025  16.932060  10.2
2893 Peiroos                         350.250988  5.1952426  0.07738753 171.501292 108.767541  14.633131   9.2
2894 Kakhovka                        135.150746  3.1072102  0.14626994  33.852147  86.344219   2.587165  12.1
2895 Memnon                          249.386205  5.2244532  0.04960270 273.995606 134.011287  27.225202   9.3
2896 Preiss                          120.157384  2.2195355  0.18763417 120.681563 171.877987   5.993026  12.7
2897 Ole Romer                       248.819233  2.2474060  0.10013039 101.321728  48.425745   5.842562  13.4
2898 Neuvo                           107.164698  2.5551006  0.02111482 209.268530 116.877830  14.305848  12.5
2899 Runrun Shaw                       9.542832  2.2625118  0.15622706 303.658970  19.928763   3.226297  13.5
2900 Lubos Perek                     190.602317  3.0244009  0.10249466 285.194550  18.107079  10.151488  11.7
2901 Bagehot                         295.152336  2.8636374  0.04669216 242.059478  69.280617   3.177988  11.9
2902 Westerlund                       62.615551  2.2028013  0.19858969 158.336926 178.610245   4.369608  14.4
2903 Zhuhai                          306.651241  2.5613078  0.05799365 242.885671 232.904175  14.339864  12.0
2904 Millman                         348.721766  2.6031629  0.13793873 331.398202  79.837236  15.380003  11.6
2905 Plaskett                         92.815123  2.8079563  0.09373801 220.232228  10.141916   8.908783  12.1
2906 Caltech                         359.543975  3.1610426  0.11633767 295.020211  84.648102  30.689110  10.0
2907 Nekrasov                        130.381415  3.0193364  0.08841145 197.659492 172.792339  10.183833  11.5
2908 Shimoyama                        97.181072  2.9815386  0.14853874 153.583126 233.730232  13.335432  11.5
2909 Hoshi-no-ie                     195.874262  3.0220057  0.11333697 287.216909  85.636605  11.449649  10.9
2910 Yoshkar-Ola                     170.965414  2.2027323  0.15577717 326.089902  44.378242   2.944133  13.8
2911 Miahelena                       310.421583  2.7944700  0.09609723  64.297731 149.478024   9.609418  11.3
2912 Lapalma                          67.442043  2.2888192  0.07089676  74.844200 108.350714   7.279414  12.7
2913 Horta                           339.552219  2.7059155  0.19718188  21.306551  30.497096  16.074662  12.6
2914 Glarnisch                       202.721316  2.2613266  0.12932616 222.642563 166.903795   2.955127  13.8
2915 Moskvina                         31.352673  2.5616553  0.18667024 356.409599 352.947236  13.222516  13.3
2916 Voronveliya                     114.292548  2.2354783  0.09783686 244.121304 311.327793   3.599332  13.4
2917 Sawyer Hogg                     250.874584  2.7936807  0.11274117  39.014862 349.064026  12.827946  12.0
2918 Salazar                         108.107894  3.1646311  0.15956818 167.793538 135.823242   2.092559  11.9
2919 Dali                            314.605356  3.1395586  0.14022590 115.794509 162.417582   1.411335  11.6
2920 Automedon                       325.054753  5.1396651  0.03027941 199.022885 230.997175  21.089402   8.8
2921 Sophocles                       188.857802  3.2461761  0.15723311 189.305794 149.769237   1.454263  13.3
2922 Dikan'ka                         52.788596  2.3709235  0.14575271 343.756632 188.156977   2.976441  13.7
2923 Schuyler                        191.328352  2.4575426  0.12963555 171.009679 350.871315   2.876346  13.6
2924 Mitake-mura                     331.009617  2.8867369  0.04658253 197.793577 110.991262   3.135800  12.2
2925 Beatty                           66.399278  2.3851788  0.19274517 277.984904 217.466223   2.216330  14.0
2926 Caldeira                         85.211858  2.2754156  0.11898331  35.219845 221.208698   3.478927  13.3
2927 Alamosa                         104.970660  2.5315356  0.16815151 188.136786 150.627489  16.989921  12.1
2928 Epstein                         184.321319  3.0046267  0.06906025 150.679424 311.052373   9.544013  11.3
2929 Harris                          328.908686  3.1216572  0.06984630  29.883411 142.897040  14.889608  11.6
2930 Euripides                       313.979577  2.7789302  0.02203269 101.861862 359.607601   4.073478  12.4
2931 Mayakovsky                       40.169171  2.8773725  0.06076704 288.569466  25.492662   2.223584  11.7
2932 Kempchinsky                     217.804418  3.6212743  0.11125972 187.506289 169.813094   2.243417  11.6
2933 Amber                            93.078029  2.6080057  0.04835034 219.982177 121.612784   7.225553  11.7
2934 Aristophanes                    333.877094  3.1679130  0.04062159  73.480494 202.956142   8.833066  11.2
2935 Naerum                          265.895072  2.5986903  0.12736372 135.650240 135.946350  13.021217  13.0
2936 Nechvile                        158.337145  2.6779438  0.07572784 321.371184 334.005951   8.475471  12.4
2937 Gibbs                            10.206013  2.3202771  0.30221215  71.525304 265.965610  21.788149  12.9
2938 Hopi                             44.046873  3.1441105  0.33428138 262.952812 109.325698  41.438871  11.5
2939 Coconino                         39.964103  2.4411745  0.16030133 235.767030 350.334195   3.971116  12.6
2940 Bacon                            32.494927  2.7846218  0.23191368 115.826136 274.317113   6.434749  14.0
2941 Alden                           151.820402  2.1513421  0.08980795  64.850634  10.515135   3.244928  13.9
2942 Cordie                          185.365351  2.2381618  0.15403398 154.343903 116.561455   6.816217  13.2
2943 Heinrich                        313.615589  2.4475110  0.15442770  43.972188 314.162010  12.958173  12.8
2944 Peyo                            204.818462  2.6506697  0.16356709 153.141833 195.104459  10.651455  12.8
2945 Zanstra                         169.506743  2.6699500  0.13751033 242.416319  95.977658   2.628653  12.2
2946 Muchachos                       247.402563  2.4532018  0.17557027 102.769672 322.314004   0.586497  13.0
2947 Kippenhahn                      349.953296  2.3077938  0.12335904 166.257062 284.243202   3.130974  13.0
2948 Amosov                          278.834841  2.8665834  0.10463697 245.004803 209.042604  12.319827  12.5
2949 Kaverznev                       236.917880  2.1950407  0.13944224 130.217842 163.350737   4.860840  13.3
2950 Rousseau                         56.900491  2.7584406  0.25866511 294.408301 112.259587   9.605824  11.9
2951 Perepadin                       162.879399  3.1260171  0.12606167 113.772011  25.509831  14.732842  10.0
2952 Lilliputia                       94.718369  2.3139700  0.17013119  78.187646 323.603470   3.324091  14.1
2953 Vysheslavia                     101.163994  2.8306941  0.02389692  12.626695 251.456164   1.068402  11.6
2954 Delsemme                        213.366275  2.2861143  0.19605777  50.442434 164.616904   3.934927  13.5
2955 Newburn                         283.705858  2.1804997  0.11535541 233.894084  32.608160   3.599823  13.5
2956 Yeomans                         171.802776  2.7635084  0.09139772 122.056176 112.465736   2.865135  12.4
2957 Tatsuo                          262.783685  3.0235795  0.08409500  59.791815 249.903706   8.711039  10.2
2958 Arpetito                         99.039768  2.8764231  0.01578539 322.704383 298.217201   1.023096  12.2
2959 Scholl                          278.807370  3.9427339  0.27434592 285.859132 121.525575   5.230653  11.2
2960 Ohtaki                          202.480888  2.2206677  0.11374395 333.358870 130.926205   4.505401  14.2
2961 Katsurahama                     206.262595  2.2675099  0.13810942 196.053909 221.311745   4.544129  13.0
2962 Otto                            286.461354  2.5678194  0.03821927 119.319815  54.502770  15.655959  11.3
2963 Chen Jiageng                    352.228162  2.8706722  0.07289698 348.918957  47.763286   2.707410  12.3
2964 Jaschek                         188.418049  2.5935546  0.20005229  59.376860 330.959335  13.562448  12.2
2965 Surikov                          79.297032  2.3919246  0.21807764  71.671925 127.218341  24.260752  13.6
2966 Korsunia                        157.747319  2.4468486  0.14101575 197.754595  46.628630   2.548485  13.4
2967 Vladisvyat                      213.742425  3.2005264  0.12974679   3.191523  32.700331  18.030373  11.0
2968 Iliya                           173.096359  2.3682509  0.30859875  33.995952 274.547153   9.145039  14.3
2969 Mikula                          122.823343  2.8438359  0.03087038  99.261333 181.605399   1.875123  12.6
2970 Pestalozzi                      187.157011  2.6378666  0.15357880  76.306268 342.987219  12.091509  12.5
2971 Mohr                             88.219549  2.2465989  0.11683639 352.786733  76.280532   6.994565  13.5
2972 Niilo                           246.926706  2.1511310  0.16948783 139.043905 204.541888   1.090968  13.9
2973 Paola                           116.672970  2.4695301  0.15137743  89.801866 336.991389   1.559759  12.9
2974 Holden                           55.559327  2.3118156  0.14045303 129.998430 215.177828   6.423522  13.9
2975 Spahr                           100.498780  2.2483787  0.09434508 316.343313 236.826904   6.891256  12.7
2976 Lautaro                         139.402592  3.3487108  0.13847268 177.947788 207.389886   9.737914  10.9
2977 Chivilikhin                      44.417759  2.7829970  0.17140823 184.065427 170.744055   9.597372  12.7
2978 Roudebush                       224.068375  3.1045285  0.17811122   5.321272 349.126118   1.234918  11.7
2979 Murmansk                        231.864996  3.1322069  0.14541320 196.056082 149.031978  11.351642  12.1
2980 Cameron                         160.192268  2.5681078  0.18050814 253.666328 172.569938   7.283647  13.2
2981 Chagall                         311.819341  3.1538427  0.16338532  90.158242 187.522382   0.848974  12.0
2982 Muriel                          254.681177  3.0014386  0.06583568  33.612501  43.266068  10.240914  11.9
2983 Poltava                         182.750404  2.8480375  0.05734773  86.369876 248.281444   4.265787  11.2
2984 Chaucer                          59.698130  2.4699404  0.13487552  47.269040  81.878222   3.053479  13.1
2985 Shakespeare                      97.338173  2.8462040  0.04644978 272.413148  34.494881   2.658945  12.1
2986 Mrinalini                       235.533332  3.1808941  0.14783219 303.776353  51.768505   2.550325  11.9
2987 Sarabhai                        121.259375  2.8848673  0.06667832 333.467115 167.689556   1.011745  12.1
2988 Korhonen                        345.058244  2.6066446  0.12714839 132.034407 101.104761  14.706867  11.7
2989 Imago                           217.452594  2.2387679  0.17338179 247.123646  75.917254   3.629745  13.2
2990 Trimberger                      234.825818  2.4417102  0.12089181 317.788076 171.988417   2.789157  13.4
2991 Bilbo                           136.290996  2.3370857  0.22013781 197.367871  96.755766   5.151769  13.5
2992 Vondel                           45.087636  2.7459313  0.18991723 267.779564 185.210170   7.032572  13.0
2993 Wendy                           203.574660  2.5863783  0.19635937  74.376824 313.720601  12.277320  12.3
2994 Flynn                            33.208010  2.4177462  0.22943776 320.900066 358.526047   2.487141  13.9
2995 Taratuta                        118.750812  2.6139796  0.13714881 330.004353 170.044532  14.856904  12.4
2996 Bowman                          238.176017  2.7827042  0.03184455 301.354689 334.655408   3.669820  11.8
2997 Cabrera                         273.126742  2.5554841  0.19824908 350.278518 355.376675   7.208355  13.5
2998 Berendeya                        24.068054  2.4224213  0.19532973 204.124168 157.602207   3.068114  14.3
2999 Dante                            57.146348  2.2708576  0.10596845  39.169652  75.117669   6.766997  13.4
3000 Leonardo                         81.437815  2.3512392  0.18117838 173.034222 201.185535   2.748506  13.0