3501 Olegiya                         146.526242  2.9220103  0.08803840  66.692624 246.649792   4.987843  11.6
3502 Huangpu                          72.479530  3.1245596  0.18091932 212.275873 105.086160   2.819055  11.8
3503 Brandt                          285.953592  2.6175070  0.18180079 112.200249 187.448946  11.917443  13.7
3504 Kholshevnikov                    88.971077  3.0998113  0.18069448 166.787845 118.899063   2.046148  11.7
3505 Byrd                             57.613228  3.0112191  0.11020860  87.325244 302.744979   9.121360  11.7
3506 French                           46.886852  2.9988571  0.09287651  48.253885 343.161265   9.093455  11.4
3507 Vilas                            38.230727  3.1490472  0.14426405 185.107897  88.699696   3.240402  11.3
3508 Pasternak                       243.466554  2.7592741  0.11093489 297.362838   5.185626   6.640526  12.5
3509 Sanshui                         288.730587  2.5977030  0.15381570 139.542526 219.963257  12.804817  12.1
3510 Veeder                           34.900835  2.5471891  0.12930641  16.465372 280.195051   5.687976  12.5
3511 Tsvetaeva                       114.115584  2.7459861  0.19973052 236.636166 230.097343   8.696870  12.3
3512 Eriepa                          149.111430  2.2490676  0.24742071 300.577988 113.011335   7.489820  13.6
3513 1965 UZ                         302.366835  2.6287142  0.00957289 355.021244 324.104848   2.646836  12.8
3514 1971 UJ                         170.118148  3.9394547  0.20221506 344.300335  24.887155   3.516547  11.7
3515 Jindra                          287.277655  2.8450461  0.01180896 232.066262 342.071460   1.402001  12.1
3516 Rusheva                         112.513462  2.8830082  0.07910507 207.451359 161.942219   2.312339  12.2
3517 Tatianicheva                    165.617599  2.2412819  0.09547687 182.439977 187.332711   3.148808  14.0
3518 Florena                         282.136074  2.6766739  0.17532950 164.582764 148.214822  13.869080  12.4
3519 Ambiorix                         41.125063  2.1704921  0.17739345 246.276794  49.585556   0.569582  13.1
3520 Klopsteg                        195.490530  2.2565507  0.18192917 211.351131 122.860690   4.583699  13.9
3521 Comrie                           84.962941  2.2618982  0.06760396  34.908074  59.008982   3.870766  14.4
3522 Becker                           14.282224  3.1682533  0.29424845 150.537616 201.949090   8.370643  12.3
3523 Arina                           242.014103  2.3702808  0.13744877 158.594963  55.795644   9.684619  12.2
3524 Schulz                           56.581256  2.6146796  0.12825778 330.372012 180.364058  13.061070  13.3
3525 Paul                            342.748738  3.0844851  0.09549753 189.557199 280.620159   2.538605  12.1
3526 Jeffbell                        254.543918  2.7915470  0.09336960 243.372333  42.859070   8.502519  12.1
3527 McCord                          291.332590  2.2919036  0.12198200 354.152458 219.408283   5.505520  13.0
3528 Counselman                      346.632340  2.5352451  0.15817686  32.840100 277.097340   7.449029  12.9
3529 Dowling                          42.358958  2.3813357  0.18410016 184.264525 194.264517   2.761044  14.0
3530 Hammel                           82.180608  2.3998615  0.22445357  75.297104 263.117211   1.174061  13.9
3531 Cruikshank                       64.262748  2.6237703  0.14584645 299.196445 193.149744  13.133333  12.9
3532 Tracie                          108.004866  2.9164836  0.05473426 346.018499  56.665738  10.347043  11.9
3533 Toyota                          162.601107  2.2195515  0.11741908 237.470847 197.376133   4.865137  12.8
3534 Sax                             161.920048  2.7522549  0.19441378 199.830157 247.398604   7.652137  12.4
3535 Ditte                           106.109064  2.2995369  0.18412471 163.488151 262.959149   1.569210  13.9
3536 Schleicher                       11.518061  2.3427370  0.04877134 115.235737 341.299088   6.555152  13.8
3537 Jurgen                          341.503957  2.5885729  0.15642958 278.520343  44.372556  15.166095  13.1
3538 Nelsonia                        241.403461  2.6418598  0.26686042 263.072784 170.714511   4.206024  13.4
3539 Weimar                           13.931072  2.6586118  0.15393791 127.411437 141.682840  13.647349  13.0
3540 Protesilaos                     286.407026  5.2329800  0.11693178 114.820748  26.418629  23.343967   9.0
3541 Graham                          232.772010  2.4581671  0.14614497 130.647698  92.344178   4.009434  12.7
3542 1964 TN2                         44.255271  3.1687259  0.09494819  65.945431 266.245212   8.083859  11.7
3543 1964 VA3                         97.892970  3.1798463  0.16932139 112.166881 162.859625   1.043241  11.5
3544 Borodino                        237.547195  2.4030289  0.21782754 148.519891 147.966268   8.893461  12.5
3545 Gaffey                          214.161637  2.8709158  0.05471835 255.441015  61.560318   2.979213  12.1
3546 Atanasoff                       251.020285  2.6940013  0.02624262 251.458378 335.384374   7.035731  12.7
3547 Serov                           329.669430  2.4766450  0.05081739 160.735143 274.841484   3.913894  13.3
3548 Eurybates                       354.040936  5.1401179  0.09062564  26.065886  43.530490   8.083510   9.5
3549 Hapke                           186.598302  2.7602145  0.16835795 209.661988 284.836029   7.552085  12.7
3550 Link                             93.295734  2.9247474  0.16001010  28.717727  81.560857  14.687999  11.9
3551 Verenia                         317.868781  2.0923662  0.48713137 193.108697 173.977831   9.506279  16.8
3552 Don Quixote                     257.431091  4.2328478  0.71434560 316.712390 350.628309  30.834659  13.0
3553 Mera                            123.254997  1.6445923  0.32048852 288.836622 232.641346  36.756121  16.5
3554 Amun                             99.500947  0.9736971  0.28041542 359.348460 358.699020  23.363999  15.8
3555 Miyasaka                        289.305596  2.7349068  0.23481638 309.760117  26.819567   9.471441  12.7
3556 Lixiaohua                        23.393366  3.1516350  0.22812297 141.524543 241.403105   9.242379  12.5
3557 Sokolsky                        248.318050  4.0102784  0.17597177 125.349232 186.429215   6.033630  10.8
3558 Shishkin                        128.757062  2.4405047  0.06714935 302.329465 345.126682  13.378629  12.5
3559 Violaumayer                     166.692702  2.4858793  0.21642083  70.430809 314.632871   3.812877  13.8
3560 Chenqian                        115.644962  3.0212750  0.11046784  58.257523 325.535717   9.290658  10.5
3561 Devine                          260.216783  3.9650238  0.13321201 181.541794 118.166323   9.653833  10.7
3562 Ignatius                        346.920888  2.3383531  0.15623107  60.991787  93.042268   5.721761  13.1
3563 Canterbury                      245.520529  2.7921635  0.18009552 345.801079 268.242786   6.961643  11.9
3564 Talthybius                      182.998106  5.2481731  0.03824145 196.549839  23.941982  15.478323   9.0
3565 Ojima                            11.334915  3.2099098  0.11307105 338.812939  92.507568   7.300835  11.3
3566 Levitan                          29.758210  2.3607564  0.12691519 194.547921 289.603120   2.270238  12.8
3567 Alvema                          194.609671  2.7828760  0.31476225 137.855222 271.386794   6.824184  12.5
3568 ASCII                            69.024998  3.1333641  0.24702637 280.454966  58.496159  19.462871  12.1
3569 Kumon                           206.881650  2.5916109  0.12410831 314.908042 162.094935  14.055872  12.7
3570 1979 XO                         316.727253  3.0217014  0.08241666 224.189909  85.338757  11.305511  11.4
3571 Milanstefanik                   308.102863  3.9332074  0.11951751  25.531443 249.343340   7.832675  11.1
3572 Leogoldberg                     306.009303  2.7021797  0.13574474 164.452250 232.978089   3.398654  12.7
3573 Holmberg                        126.134045  2.2385288  0.06713708 209.643704 269.102157   2.763422  12.7
3574 Rudaux                           78.935461  2.4187977  0.18408191 144.107405 225.301108   4.662242  13.8
3575 Anyuta                            4.187343  2.7472183  0.12519283 157.466490  71.426728   7.768562  11.9
3576 Galina                           39.106846  2.3953338  0.13119281  47.216691  20.662711  10.117850  13.1
3577 Putilin                         158.573586  3.9573042  0.18727938 180.559809 280.889939   3.742400  10.4
3578 Carestia                         99.852651  3.2034745  0.21437757  48.227875 284.975241  21.319123  11.6
3579 1977 YA                         182.258372  2.7319804  0.35696882 108.940120  14.745867  31.083072  14.2
3580 Avery                            57.147508  2.8596332  0.23535745 177.634930 348.271378   3.402663  12.4
3581 Alvarez                         257.037736  2.7755449  0.40664922 107.348861 217.877490  28.804273  12.1
3582 Cyrano                           55.704518  3.0029511  0.07367185 351.712371  59.954322  10.859192  11.2
3583 Burdett                           6.320844  2.4331355  0.17575110  30.478804  33.506073   2.803162  13.3
3584 Aisha                           355.885625  3.0844738  0.09981117 100.585547 305.906254   2.128833  12.1
3585 1987 BE                          12.101150  3.0677919  0.19074191  14.772433 163.315529   3.018759  12.4
3586 Vasnetsov                       136.044653  2.4585494  0.11863214 260.268516   6.914169   9.843205  13.0
3587 Descartes                       226.245602  2.7027842  0.03938273  27.388217  33.221810   7.844557  12.2
3588 Kirik                           313.341036  3.2170319  0.20719168 100.264017 330.599399   6.345652  11.9
3589 Loyola                          175.569326  2.2451522  0.16379639 286.384286 111.485784   4.464705  13.7
3590 Holst                           116.298445  2.2507124  0.08142150 354.402438 128.795939   6.705819  13.1
3591 Vladimirskij                    243.656515  3.1582611  0.15115321 256.203069  27.932771   1.151238  11.5
3592 Nedbal                          101.064156  2.3458862  0.19034807  63.109824  20.703498   9.672016  13.7
3593 Osip                            222.412089  2.1523043  0.09357224 204.449473 274.346410   1.118816  14.6
3594 Scotti                          290.195165  2.5326283  0.02861640 163.630175 341.419856  14.621305  12.7
3595 Gallagher                       358.047950  2.6642212  0.12639856 119.413898 233.113531   2.788248  12.9
3596 Meriones                        353.380975  5.1318968  0.07493075  65.487527 356.676863  23.578502   9.2
3597 Kakkuri                          66.702099  3.1593692  0.19160368 295.212755  86.913441   2.509338  11.6
3598 Saucier                         275.411051  3.1732799  0.10737738  69.378433 161.703140   0.775460  11.6
3599 Basov                           303.796593  3.1611598  0.12299436  51.849194 164.086273   1.637555  11.8
3600 Archimedes                      168.442836  2.5657041  0.13562148 144.870341   5.682285   7.924217  12.9
3601 Velikhov                         43.208598  3.2480214  0.14593684 350.859673  61.864353   2.295501  12.3
3602 Lazzaro                          80.749086  2.2659439  0.13339205 232.237312 242.147984   5.576750  14.3
3603 Gajdusek                         94.892127  2.5707598  0.12446251 347.893572 278.351343   5.227164  12.9
3604 Berkhuijsen                     193.999538  2.6021033  0.11646621 155.916896  20.058231  12.020114  13.1
3605 Davy                            100.947669  2.2511250  0.08071616 199.224181 282.863977   3.919256  13.0
3606 Pohjola                         357.344062  2.6051964  0.23208373 107.608422 250.589436  12.375646  12.4
3607 Naniwa                          146.242394  2.2459497  0.06962618 126.541606   1.986247   2.844485  14.6
3608 Kataev                          101.392743  3.3779930  0.14634371 239.204891  78.769048  11.040183  10.9
3609 Liloketai                        33.730056  3.1290045  0.23840455  31.754680  65.509543   4.850949  11.9
3610 Decampos                        186.573615  2.1493093  0.04612303  38.250568 116.042153   2.076868  13.9
3611 1981 YY1                        219.060154  2.7852635  0.21587580 289.754256 136.186572   8.467946  12.7
3612 Peale                            70.601211  2.4395897  0.18369846 266.471522  77.561313   3.381628  13.8
3613 1982 VJ11                        10.382832  2.3698860  0.07703200  80.153431  72.560727   7.418060  12.7
3614 Tumilty                         274.724844  2.9799144  0.13326106 308.160941 287.686751  16.673232  10.7
3615 Safronov                         48.822272  3.1704715  0.11437110 102.710385 135.829939   2.101079  11.2
3616 Glazunov                        124.241583  2.6033340  0.12106434 118.019939 118.180430  12.773696  12.2
3617 Eicher                          126.099525  2.6303225  0.10923566  34.690210 181.710294  14.502041  12.0
3618 Kuprin                          154.551747  3.1452301  0.18791120  94.067097 234.250998   1.995709  12.5
3619 Nash                             89.645435  2.3883220  0.23708022 181.591672 161.515481   4.038139  13.9
3620 Platonov                         67.728600  2.9933286  0.10534453 123.931208 272.838016   8.964656  12.2
3621 Curtis                           48.180111  3.0920115  0.19735084 174.387928 175.075472   2.692900  12.2
3622 Ilinsky                         220.557714  3.3870915  0.03392377 171.244408 254.870178   4.934870  11.4
3623 Chaplin                         205.976960  2.8534022  0.08342638 235.624696 118.346517   3.067926  12.1
3624 Mironov                         109.010577  2.3585721  0.11900486  49.894433   6.138967   4.182625  13.6
3625 Fracastoro                      140.513047  3.0516728  0.11876097 102.817289 223.243562   5.009115  11.5
3626 Ohsaki                          105.229801  3.1458233  0.16222971  37.214829 283.386678   4.089991  12.1
3627 1973 DS                         336.602234  2.3485027  0.14781323 125.489619  85.931392   9.697795  13.2
3628 Boznemcova                      268.233748  2.5381439  0.30019996 187.993218 156.947053   6.893950  12.6
3629 Lebedinskij                      86.167348  2.4033097  0.10234223 172.429498 235.358640   5.639197  12.7
3630 Lubomir                          30.224034  2.7707837  0.20471880 322.990193 337.198320   7.402720  12.5
3631 Sigyn                           229.066722  3.0967176  0.07679456 149.744380 151.335558  14.367864  10.5
3632 Grachevka                       222.751042  2.7658568  0.30985792 237.397033 201.722901   6.458035  12.6
3633 Mira                             72.095235  2.3109713  0.10288755 292.379347 230.911327   3.303976  13.6
3634 Iwan                             38.473727  2.2462157  0.09135921 320.693799 341.871240   4.306967  13.7
3635 1981 WO1                        283.580638  1.7946069  0.08423587 249.142446 235.454893  19.221627  14.8
3636 Pajdusakova                     145.143835  2.2761772  0.17667173  93.161577  27.249363   4.106064  14.0
3637 O'Meara                         221.557633  2.5542111  0.12662106  68.624157 208.227370  14.336613  12.1
3638 Davis                             3.994829  3.0154066  0.06864323 170.010107 109.459188  11.280972  11.4
3639 Weidenschilling                 131.801724  2.4015199  0.09901129 182.822793 222.724367   2.196505  13.7
3640 Gostin                          246.851067  2.2251650  0.08655892 154.752323 289.466704   4.310676  12.9
3641 Williams Bay                    304.709128  2.9921084  0.12625796 296.099155  31.037905  16.141032  11.4
3642 Frieden                         160.424561  2.7867838  0.08177468  14.465335 131.672338  13.478073  11.2
3643 1978 UN2                         90.734029  2.4034013  0.14921370   3.747719  56.891081  13.877234  13.2
3644 Kojitaku                        230.039084  2.2481059  0.09441125  81.373274 355.532971   3.539216  13.2
3645 Fabini                          258.109361  2.6994681  0.08163745 109.929873 262.181191   7.125220  12.1
3646 Aduatiques                      246.102884  2.7539138  0.10659401  40.814166  11.070605   0.597370  13.7
3647 Dermott                           4.782760  2.8020033  0.10330092 218.322460 126.459572   8.039880  11.4
3648 Raffinetti                      326.683419  2.4154738  0.10608472  31.839335 209.146955   7.901008  13.0
3649 Guillermina                      14.463179  3.1379884  0.05987649  86.180019 118.769690   7.139104  11.8
3650 1978 UO2                        243.744251  3.1329751  0.22952494 281.818160  38.110634  14.628212  11.9
3651 Friedman                        351.475343  2.3789052  0.10393918 136.817016  71.803298   7.309982  13.4
3652 Soros                           266.445934  2.3667903  0.19266542  62.138759 245.783734   2.264120  13.0
3653 Klimishin                       238.763001  2.2360020  0.09931369  73.353079 182.911546   4.951535  13.4
3654 AAS                              94.540924  2.2626514  0.20072889 182.096522 201.045218   2.102419  14.3
3655 Eupraksia                       160.353906  3.9993864  0.20978394  42.295607 338.570771   3.849588  10.9
3656 Hemingway                        87.093857  2.2049051  0.13982211 300.573441 315.067609   0.811108  13.6
3657 Ermolova                        248.163021  2.3126558  0.13203834 101.840031 237.582602   5.783226  12.7
3658 Feldman                         280.147923  2.1870988  0.06456569 106.003523 320.642689   4.016188  13.8
3659 Bellingshausen                  358.712839  2.5294526  0.11866902 258.976056 189.889884   3.436642  13.6
3660 Lazarev                         281.774830  3.2204704  0.08594740 221.801591 355.099668   7.802261  11.5
3661 Dolmatovskij                    134.488841  2.9290365  0.05583879 139.170040  18.093870   1.957564  12.0
3662 Dezhnev                          67.692173  2.6502269  0.17483201 337.345261 350.915850  13.419834  12.0
3663 Tisserand                        91.615054  3.1577454  0.16684265 158.088453 107.149786   3.093882  12.5
3664 Anneres                           0.989213  2.7951595  0.13077416 144.042370 260.922084   3.587947  12.3
3665 Fitzgerald                      181.371887  2.4181340  0.08868863 280.218255 115.481516  15.063394  12.6
3666 1979 HP                         200.750100  3.1273169  0.11788184  54.350058 120.510631   2.358183  11.8
3667 Anne-Marie                      122.202537  3.0840955  0.23061381  74.994872   0.279684  16.238608  11.8
3668 Ilfpetrov                       133.532863  2.1887300  0.10300775  31.867655 194.214992   3.071567  13.2
3669 Vertinskij                      208.329505  2.2149854  0.07022003  34.403116  91.090747   4.826063  13.2
3670 Northcott                        41.372544  2.7411691  0.01586212 139.190899 107.306335   6.442079  12.0
3671 Dionysus                        108.906398  2.1954508  0.54330162 203.714719  82.412058  13.619897  16.3
3672 Stevedberg                      310.804443  2.1839943  0.13948657  31.688191  14.388197   6.299251  13.3
3673 Levy                            159.439315  2.3453363  0.18380416  45.043303  13.488875   7.096134  13.0
3674 Erbisbuhl                       204.165223  2.3606538  0.37414356  97.792173 297.216413  21.037857  12.1
3675 Kemstach                        143.489870  3.3518561  0.10530427 175.859628 340.766865  10.920930  11.0
3676 Hahn                            148.379606  2.1540393  0.05429271 234.008235 359.204089   3.077464  13.9
3677 Magnusson                        30.972469  2.2663043  0.20079184 124.678368 206.224146   4.289348  14.0
3678 Mongmanwai                      290.826812  2.5532820  0.18843782  52.255573 142.129202   8.271927  12.6
3679 Condruses                       252.294148  2.1963631  0.22046224  63.822277 309.456069   3.855289  13.6
3680 Sasha                           285.279348  2.2253049  0.06299185  95.944225  26.220989   5.509795  12.9
3681 Boyan                            85.635704  2.2291918  0.18453480 172.101648 133.130295   4.062122  13.7
3682 Welther                          99.259935  2.7581316  0.31878724 113.194080 256.058396  13.563990  11.5
3683 Baumann                          30.968024  3.1434848  0.10877750 142.679840 102.821176  15.752871  11.3
3684 Berry                           133.074500  2.2880872  0.15316742  67.055119  95.201361   6.815305  13.4
3685 Derdenye                        138.515996  2.6664672  0.17521738 183.168732 203.118638  15.120901  13.3
3686 1987 EB                         129.379424  2.7447938  0.14599923  78.615709 134.951145   5.716179  12.4
3687 Dzus                            353.451883  2.7284011  0.20066195 113.857434 225.125596  15.793510  11.5
3688 Navajo                            2.142144  3.2278115  0.47728151 138.120008  20.038916   2.557020  14.9
3689 Yeates                           49.752052  2.8790218  0.08219687 160.413707 202.467739   9.334085  12.0
3690 Larson                           44.317035  2.2456461  0.16521451  35.140420 235.495461   5.029301  13.8
3691 1982 FT                         302.111220  1.7742964  0.28397573 234.582366 348.928732  20.382828  14.9
3692 Rickman                         214.065447  2.7236533  0.14771782   9.037968 219.856330  11.370474  13.7
3693 Barringer                       306.235141  3.1428158  0.20620871 186.589393 179.000302  14.925781  11.7
3694 Sharon                          263.563291  3.9466036  0.19629295  82.135140 311.847533   4.954550  10.3
3695 1973 UU4                        328.599632  2.3495341  0.23107651 196.839045 177.295954   7.429486  13.9
3696 Herald                           98.405446  3.1111372  0.15721190  16.226570 312.959295  10.173217  12.4
3697 Guyhurst                        328.845204  2.3679096  0.04485602 186.053151 351.737882   6.753388  13.8
3698 Manning                          89.406207  2.2445874  0.19180760 180.280389 132.956495   3.521983  13.4
3699 Milbourn                        299.909410  2.3978498  0.18781583 232.278324  95.271560   5.716780  12.7
3700 Geowilliams                     201.626328  2.4133684  0.22640945 153.184253 289.441311  12.136055  12.5
3701 Purkyne                          34.196116  2.7983172  0.09036863 298.732206 115.835613   4.917343  12.3
3702 Trubetskaya                     161.643453  2.6213912  0.23644194 254.804711 120.079660  15.633544  11.6
3703 Volkonskaya                     211.912195  2.3321497  0.13351653 152.070340 173.105127   6.741143  14.3
3704 1981 YX1                        314.933051  2.4103622  0.04868129  35.824371 233.901465   5.877111  12.5
3705 1984 ET1                        345.123404  3.1199063  0.18187633 233.846759 154.815832   1.392931  12.5
3706 Sinnott                          16.364180  2.1893868  0.09753568 310.277773 137.169497   3.506985  13.9
3707 Schroter                        125.566774  2.6155143  0.15839157 142.641981 281.415229  12.552036  13.4
3708 1974 FV1                        301.521359  5.2169424  0.15849893  56.046209 291.200603  13.366204   9.3
3709 Polypoites                      333.389497  5.2675899  0.06333097 245.887611 187.186196  19.603054   9.0
3710 Bogoslovskij                    169.687779  2.7395653  0.16090042 126.451646 199.215057  13.768109  12.8
3711 Ellensburg                       96.808046  2.6572435  0.16743361 122.180945 312.905093  11.773578  12.9
3712 Kraft                           348.110877  2.7329334  0.25622840 200.365395 288.139710  31.761602  11.6
3713 Pieters                          64.264017  3.0167227  0.10558875 211.683097 109.575066  11.388139  11.3
3714 Kenrussell                      192.128243  2.5623450  0.17723155  22.411986  29.759006  14.394503  12.8
3715 Stohl                           196.012301  2.3153462  0.09902390 236.662532 145.363622   5.937878  13.5
3716 Petzval                         334.803428  2.3969640  0.21464099 150.550319 139.117641   2.523339  13.9
3717 Thorenia                         45.078965  3.1527361  0.17766736  59.369042 101.616271   2.564510  11.8
3718 Dunbar                          336.839179  2.6341336  0.05121956 227.761172  71.797321   3.557446  12.8
3719 Karamzin                        305.551379  2.4056421  0.20761496 111.832018 292.756146   2.779516  13.8
3720 Hokkaido                         93.458628  2.3188503  0.12694915 284.652530  19.528066   6.798769  13.1
3721 Widorn                          300.928544  3.0202183  0.07786826 150.218176 314.379532   8.772835  11.7
3722 Urata                            71.445524  2.2358275  0.19947312 136.085683 232.568898   6.454939  12.9
3723 Voznesenskij                    150.516876  2.2546323  0.11143991 167.914832  95.032688   1.378564  13.6
3724 Annenskij                        72.024893  2.7645516  0.16289653 117.379285 269.636083   7.737494  11.6
3725 Valsecchi                       152.125399  2.6839006  0.20172513  16.897009 345.883758  11.401608  13.7
3726 Johnadams                       102.220663  2.8649663  0.07485865 230.909471 105.579672   3.024736  12.2
3727 Maxhell                         289.531855  3.3242007  0.13676245 150.292043 163.363752   5.249013  11.4
3728 1983 QF                         118.202119  2.6512586  0.21207873 280.414454 167.707087  22.563692  11.5
3729 1983 VP7                        223.365107  2.6265394  0.19003062 311.597065   5.176280  13.430697  12.1
3730 Hurban                          169.191531  2.7268745  0.16082272  41.187091 305.700728   6.956840  11.8
3731 Hancock                         142.002281  3.2203371  0.12929520 251.035506 265.037664  21.475306  10.3
3732 Vavra                           198.926359  2.1581630  0.07128670   8.231899 278.697698   1.557044  14.4
3733 Yoshitomo                       212.006514  2.4012849  0.19217360 209.783095 286.726137   5.877062  13.0
3734 Waland                          354.281068  2.7464759  0.05389384 295.888436 180.666054   3.475258  12.6
3735 Trebon                          121.189365  3.1099288  0.14328678 251.623895 300.263321   5.239588  11.6
3736 Rokoske                          91.265764  3.0160127  0.08760178 148.601965 145.561935  11.319991  11.1
3737 Beckman                         334.031958  2.4074465  0.39436703  85.237314 288.520507  20.165949  13.0
3738 Ots                             167.433055  2.2236184  0.16900575 269.075153 357.168492   1.252859  12.7
3739 Rem                             166.826673  2.2150885  0.15518990 171.168107 113.531543   4.621891  13.4
3740 Menge                           254.521945  2.4630893  0.26522799  53.712749 354.886662   5.766737  13.9
3741 Rogerburns                      127.307930  2.7790347  0.15343691 139.866449 182.631127   6.791959  13.2
3742 Sunshine                         91.110737  2.5545628  0.12993049   8.029766 164.245467   2.735244  13.6
3743 1983 EW                         197.551941  2.2014522  0.14953081  71.986000 167.960929   3.323694  13.7
3744 Horn-d'Arturo                   152.290122  2.6276199  0.27993385 185.155423 228.378527   3.761996  12.8
3745 Petaev                          337.533766  2.4291111  0.24935048 329.083947 356.644333   9.031460  14.2
3746 1964 TC1                          3.837318  3.1796613  0.25012328 306.149697  24.570864   1.031533  12.5
3747 Belinskij                       241.940007  3.1947647  0.11378873 101.652100  38.575530  24.371642  11.1
3748 Tatum                           160.163303  2.5322047  0.15555944 110.175746  33.908603   5.981783  12.7
3749 Balam                           351.388157  2.2365448  0.10932485 173.971976 295.949712   5.382040  13.4
3750 Ilizarov                        176.458737  3.0185323  0.04743251 205.641953   8.145894  10.436244  11.8
3751 Kiang                           265.260597  3.1438739  0.10439499  13.231691 271.834984  13.285028  11.7
3752 Camillo                         138.615184  1.4135513  0.30227851 312.220149 148.020121  55.553014  15.5
3753 1986 TO                         174.478155  0.9978142  0.51486669  43.661617 126.364984  19.810699  15.1
3754 Kathleen                        329.304086  3.1602067  0.10762948  59.667120 110.707450   8.461995  10.0
3755 Lecointe                         82.109388  2.2462234  0.21855789 120.896174 226.089139   7.794774  13.9
3756 Ruscannon                       352.065298  2.4191150  0.06053330  99.414826 226.222068   3.536562  13.5
3757 1982 XB                          86.575886  1.8349790  0.44574111  17.039566  75.058986   3.871277  19.0
3758 Karttunen                        94.856300  2.6286578  0.11416938  57.278967  81.066209  14.137779  12.7
3759 Piironen                         88.343064  2.7196558  0.11821453 165.179278 293.099504  13.061604  11.9
3760 Poutanen                        140.055479  2.5375162  0.17947856  85.373118 114.100001  10.510955  12.6
3761 Romanskaya                       66.318128  3.1223126  0.28248083  84.800164 207.379775  16.214782  11.1
3762 Amaravella                      131.195316  2.2741326  0.07828883 188.380110 163.917511   1.454580  13.4
3763 1980 TA6                        276.761794  2.2520788  0.10533821 169.318495  23.318253   7.029329  12.5
3764 Holmesacourt                     19.800708  2.2496571  0.09056978 325.880350 146.269429   4.876574  13.5
3765 Texereau                         50.978125  2.8435274  0.03893292 185.285486 250.218635   1.017516  12.7
3766 Junepatterson                   234.948396  3.2439737  0.11586399 349.909415 129.080063   1.468890  11.7
3767 1986 LC                         351.146152  2.6033617  0.13968255  75.085815 122.988987  13.680189  11.6
3768 1937 RB                          55.893202  3.0870569  0.21804676 219.664300 148.478784  14.046304  11.3
3769 1967 UV                         342.012464  2.2643894  0.11333420  36.041747  56.671084   4.655194  13.6
3770 Nizami                          105.151183  2.1941056  0.18004858  20.592559 345.633765   6.359300  14.5
3771 Alexejtolstoj                    45.953756  2.2250427  0.16823349 136.746224 249.587859   4.543548  14.2
3772 Piaf                            106.402747  3.0189869  0.06761832 197.098185 101.685974  11.019239  11.2
3773 Smithsonian                     160.674826  2.1662739  0.18363297 286.619318  63.493883   1.328581  13.3
3774 Megumi                          268.164561  3.0039301  0.05851110 278.636360 292.386097   9.212549  11.3
3775 Ellenbeth                       139.124939  2.7886701  0.22923183 312.875985  30.853408   8.233280  12.8
3776 Vartiovuori                     194.880581  3.1830248  0.06010626 165.118213  39.805329  27.436344  10.4
3777 McCauley                        251.290807  2.2764786  0.16189595 300.097256  46.686398   4.192897  13.5
3778 Regge                            91.887454  2.8719345  0.04212864 101.361463 339.863747   1.377557  12.7
3779 Kieffer                         109.413118  2.6351456  0.11095426  72.306014  59.389206  13.916108  11.4
3780 Maury                           249.817734  2.8703549  0.06039621 184.732139 143.836638   2.732580  12.0
3781 Dufek                           169.084421  2.8453852  0.07229747 156.958505 183.948112   2.035453  12.1
3782 Celle                           156.592243  2.4142199  0.09581523 334.488277 271.522933   5.257958  12.5
3783 Morris                          192.537294  2.2719948  0.17308414 256.084051  63.720914   6.180200  13.0
3784 Chopin                          147.034913  3.1215177  0.17264705 193.549163  94.880250  13.550320  11.0
3785 Kitami                           37.305568  3.2220444  0.18076407 234.328912 151.608558   1.917269  12.0
3786 Yamada                           57.619174  2.5518603  0.07767387 356.758515 262.121190  14.279641  11.2
3787 Aivazovskij                      12.786832  2.8500986  0.13491621 305.673312 186.069029  12.050666  11.7
3788 1986 QM3                        281.658969  2.7919453  0.10487079 106.226473 135.386962   9.680904  11.9
3789 Zhongguo                        314.886961  3.2808619  0.19326971 314.870703  87.176742   2.750557  12.4
3790 Raywilson                       278.481123  3.1546332  0.17910082  96.162924 321.281869   0.487949  12.4
3791 Marci                           218.958653  2.8844390  0.06380811 353.644426 330.228892   1.287916  12.6
3792 Preston                         353.773371  2.2923861  0.21946575  51.081339  63.424172  23.686433  13.4
3793 Leonteus                        317.042031  5.1814472  0.09064659 261.011934 200.523094  20.945311   8.8
3794 Sthenelos                        34.573702  5.1875291  0.14718374  34.570286 343.273763   6.071563   9.9
3795 1986 GV1                         64.129569  2.3913172  0.18163959 197.823165  66.259585   9.815110  13.2
3796 Lene                             21.949741  2.6982195  0.14863680 356.557093 269.887051   6.506840  11.9
3797 Ching-Sung Yu                   304.212243  3.2171064  0.15198194 255.561714 181.696219   0.827282  12.6
3798 De Jager                          0.559525  2.1680631  0.07753806 244.213505 314.698367   2.432638  13.6
3799 Novgorod                        240.794123  3.1459665  0.15083163  96.152939 157.046682   1.347448  11.7
3800 Karayusuf                        10.105719  1.5778948  0.07563430 115.306520  95.559248  14.845736  15.4
3801 Thrasymedes                      11.424029  5.2967329  0.02390738 204.108517 209.449927  28.537037  11.3
3802 Dornburg                        188.680223  2.2846444  0.16388943 145.944785 139.351684   4.434017  13.7
3803 Tuchkova                        282.007728  3.0480429  0.05086761 283.114000 250.697440  13.043538  11.3
3804 Drunina                           8.704958  2.8990585  0.06371420 286.445748  21.984139   2.166238  12.5
3805 Goldreich                       141.417143  2.6847436  0.18781788  64.351284 312.604790  11.827829  12.7
3806 Tremaine                        220.981670  2.5411380  0.31294671 187.918333 199.635246  10.044859  14.6
3807 Pagels                           45.878150  2.2540601  0.16802779 128.986119 161.148876   4.292912  13.3
3808 Tempel                          237.148203  2.3067452  0.14808455  11.078662 153.334342   6.328632  14.4
3809 Amici                           194.808533  2.6903267  0.10663809 307.409112 124.950345   6.548560  12.6
3810 Aoraki                          330.455052  2.2493306  0.10965929 287.576597 244.123034   6.817477  13.1
3811 Karma                           275.583302  2.5766191  0.13042455  67.542886 339.162143  10.224750  11.7
3812 Lidaksum                        293.612110  3.1751799  0.11325092  38.613348 123.194421  18.407892  11.7
3813 Fortov                          245.981542  2.1914887  0.17518233 349.079485 320.083809   4.157706  13.3
3814 Hoshi-no-mura                    39.299255  3.1438569  0.11457248  70.404209 142.163399   1.539051  12.3
3815 Konig                           184.040461  2.5711585  0.10315014  10.028270 197.411424   8.617112  12.4
3816 Chugainov                        62.531729  2.6070404  0.12437329 196.545059 311.212961  12.147411  11.9
3817 Lencarter                       223.549673  2.2688049  0.10988866 112.347892 151.832896   3.268395  14.6
3818 Gorlitsa                         89.056873  2.3676602  0.17927494  62.693568 244.422253   2.042154  14.2
3819 Robinson                        185.654052  2.7716916  0.13860760 352.007952  46.561035  11.121221  12.3
3820 1984 DV                           9.288184  3.0052438  0.10873696  72.141424 320.967951   9.597014  11.9
3821 1985 RC3                        334.454802  3.2446116  0.18019028 335.812715 112.531250   0.554518  12.1
3822 Segovia                         302.190686  2.2698034  0.11690991 279.672944 336.193777   2.564725  13.6
3823 Yorii                           356.642247  3.0691301  0.24613778  16.408722 112.115195   5.504619  12.6
3824 Brendalee                        69.169541  2.2547123  0.23598646 107.393796 329.843976   2.802784  13.2
3825 1967 UR                         267.583712  2.2409413  0.09503873 144.815095  75.373530   5.147123  13.0
3826 Handel                           65.841699  2.2396506  0.13243937 257.895305 211.370936   4.615268  13.7
3827 Zdenekhorsky                    232.646655  2.7407927  0.12725907  33.728001 333.912506   4.098555  12.3
3828 Hoshino                         309.291132  3.1697094  0.02724435 280.055991 222.287623   6.164013  11.5
3829 Gunma                            86.166094  2.7865236  0.16427894 313.812893 190.050282   7.536839  12.2
3830 Trelleborg                      121.502713  3.0293748  0.10605777  52.871898 258.336927   9.637877  11.5
3831 Pettengill                      306.483873  2.1672825  0.19535248 147.568731 151.460100   4.578431  13.5
3832 Shapiro                         355.458864  3.1318564  0.18533346 357.490854  28.866668   1.053872  12.5
3833 1971 SC                          89.893529  2.1959099  0.38866233 173.805512 170.358579  11.992598  15.0
3834 Zappafrank                      156.572814  2.5536018  0.19061125 171.131693  55.705697  14.044457  13.6
3835 Korolenko                       248.930667  2.6710339  0.15703698 232.106927 175.774263  12.635455  12.3
3836 Lem                             293.161656  2.2386143  0.14570514 204.467652  78.238207   2.038754  13.7
3837 Carr                            154.982004  2.4241166  0.07180915  40.211628 233.971521   4.832536  13.0
3838 Epona                           140.254190  1.5046600  0.70180428  49.462581 235.747950  29.275632  15.5
3839 Bogaevskij                       31.250605  2.4508156  0.18290323  37.059883 241.083641   2.679787  12.9
3840 Mimistrobell                    252.166538  2.2492124  0.08311178 167.371298  42.422741   3.921648  13.2
3841 Dicicco                          94.168674  2.2745226  0.15944708 359.485494  46.203441   5.224524  13.3
3842 Harlansmith                     317.850575  2.3545533  0.11681565 112.005988 345.682147   4.059307  13.1
3843 OISCA                           230.020612  4.0003960  0.12811211  26.482622  29.496069   3.929912  10.5
3844 1966 BZ                         188.884832  2.7328059  0.10278934 229.455308 138.181255   3.823032  11.8
3845 Neyachenko                      301.131813  3.4147705  0.17198521 260.607553 187.739838   5.954389  11.7
3846 Hazel                            61.877929  2.9362045  0.08994150 282.895650 224.131974   9.015687  12.1
3847 Sindel                           90.899554  3.1419758  0.08537013 323.986998  67.326219   3.423796  11.6
3848 Analucia                         31.584289  2.4540645  0.09256394  61.250045 185.718590   3.480593  13.2
3849 Incidentia                      321.873754  2.4741516  0.04693074  77.581673  26.205831   5.775151  13.1
3850 Peltier                         221.780375  2.2349418  0.16145244 206.951253 124.270059   5.267375  13.9
3851 Alhambra                        197.763712  2.1741502  0.06476066  97.096617 344.875477   4.633589  13.6
3852 1987 DR6                        144.684878  3.1170601  0.18332449 125.678688 256.142072   1.246961  12.1
3853 Haas                            183.974682  2.8073126  0.13830894 282.375401 143.222039   9.065338  12.7
3854 George                           16.161110  1.8923021  0.13390072  87.540439   8.507570  24.214869  14.5
3855 Pasasymphonia                   174.341170  2.2377602  0.20903880 233.414276 106.157888   6.841439  13.1
3856 Lutskij                         103.890939  2.8773855  0.05703009  61.960562 348.669756   1.453360  12.0
3857 Cellino                         268.547832  2.3920803  0.16256915 177.277218  49.082047   3.100364  13.4
3858 Dorchester                      252.733961  2.1897406  0.24288983 335.011268 348.160269   7.712886  13.7
3859 Borngen                          34.971424  3.2030277  0.13424309 350.963480 126.235773   2.883480  12.0
3860 Plovdiv                         186.217929  2.8078386  0.15264244  43.547627 289.885449   8.137376  12.1
3861 Lorenz                          215.786973  2.5556500  0.18737301 341.999226 198.385709   5.643208  12.4
3862 Agekian                         142.841829  2.5379209  0.25333041 179.657723 106.803615   9.021897  13.0
3863 Gilyarovskij                    235.122383  2.3252846  0.14880072 145.663882 176.937948   9.734911  13.1
3864 Soren                           294.754516  2.6045678  0.15741227  15.293072  25.347020   3.051742  13.5
3865 1988 AY4                        145.150375  2.3971210  0.08120884  33.118274 214.775694   6.557060  12.7
3866 1988 BH4                         96.266949  3.1380829  0.19831155 121.935528 223.066116   3.602492  12.2
3867 Shiretoko                        21.607508  2.3509944  0.10662806  33.691786  80.052781   6.271876  13.2
3868 Mendoza                         218.906927  2.3341563  0.09849768 185.799265 171.705053   8.106305  13.0
3869 Norton                           87.399472  2.4515722  0.12744005  67.477320 249.295136   4.367895  13.0
3870 Mayre                            60.843025  2.6259742  0.16180564  65.970614 202.194927  12.354262  12.2
3871 Reiz                              4.294179  3.1936724  0.08618940 207.592878 274.058136  15.621237  12.0
3872 Akirafujii                      174.739309  2.6628421  0.20627282  65.130882  95.268585  13.027218  12.8
3873 Roddy                             9.949804  1.8921242  0.13414615 267.521630 250.181285  23.349353  12.0
3874 Stuart                           37.194030  2.6806705  0.05068451 312.251171 277.357770   7.667254  12.2
3875 Staehle                         315.449024  2.2246116  0.19352472 187.741769 131.877012   6.204014  12.8
3876 Quaide                          291.197591  3.0205158  0.07740992 189.884081 101.883455  11.232896  11.5
3877 Braes                           102.438564  2.6130713  0.12539102   0.778706 234.723512  14.139563  12.1
3878 Jyoumon                         352.486952  3.1037576  0.18712709 197.829982 158.199494   2.246378  12.8
3879 Machar                           27.490630  2.3550972  0.25670664  31.518332 322.250384   8.660758  13.3
3880 Kaiserman                        70.644771  1.9463841  0.08261911  58.850247 276.637028  17.562415  13.8
3881 Doumergua                       338.641342  2.4479903  0.15084279  39.239481  37.505380   3.618684  13.0
3882 Johncox                         200.250317  2.4509169  0.13761033  74.012100 195.763133   5.006264  13.0
3883 Verbano                          44.001689  2.6100631  0.12428433 181.124606 169.323041  12.851805  11.9
3884 1977 EM1                        359.826247  3.1155804  0.13339272 115.427415   9.685074   1.165994  12.7
3885 Bogorodskij                       5.918108  2.7542094  0.07019486 152.221953 145.314917   5.316193  12.1
3886 Shcherbakovia                   278.753936  2.7742716  0.09906458 123.436025 185.733823   5.057731  12.5
3887 Gerstner                        181.455322  2.9984151  0.10388981 138.640469 191.678086   9.900657  12.4
3888 Hoyt                            264.250862  2.3948223  0.25061979  96.614435 175.795840  22.195779  12.9
3889 Menshikov                       325.909456  2.6739726  0.22047429 236.698191 116.654748   3.501111  12.8
3890 Bunin                           120.659599  2.3303009  0.13983942  71.183581 259.782179   5.209275  13.3
3891 Werner                          169.851612  2.4033595  0.18091670 346.021389 269.695212   1.601333  14.7
3892 Dezso                           195.482430  2.6054440  0.13932823  72.594585 159.651560  13.756048  12.7
3893 DeLaeter                        225.777366  2.4236312  0.26179509 107.567239 196.992718  23.098920  13.3
3894 Williamcooke                     61.363359  2.6243704  0.17277198 186.723835 163.239906  13.369278  12.2
3895 Earhart                          47.005330  2.3500890  0.18279736   8.157222 151.000675  24.387588  12.7
3896 Pordenone                       239.028172  3.0032663  0.04576092 321.378600 233.118875   9.670359  11.3
3897 Louhi                           230.976509  2.6946646  0.15544562 148.009152 189.271817   7.079320  12.7
3898 Curlewis                        347.591299  3.1080777  0.16695694 210.727355 184.249993   0.643043  12.4
3899 Wichterle                       249.937902  3.1801149  0.18251723 328.670302  82.183370   2.820567  11.2
3900 Knezevic                        152.530742  2.3713624  0.13740779  55.017359 338.479737   6.732058  13.6
3901 1958 GQ                         140.609518  2.6253690  0.27668802 231.699597   8.713108  12.824808  12.5
3902 Yoritomo                        284.488569  3.2195184  0.07393734 342.549887 294.082802  15.612565  11.4
3903 Kliment Ohridski                128.632717  2.9268251  0.08525092 302.959059 342.504224   1.317279  12.0
3904 Honda                           261.082825  2.5572409  0.09854883 125.600472 312.627899  15.023071  11.3
3905 Doppler                          75.940263  2.5602344  0.25862309  90.113904 343.719327  14.167734  12.7
3906 Chao                            343.057787  2.9342441  0.07322233 206.416991 149.417706  26.084006  10.8
3907 Kilmartin                         6.527133  2.7946403  0.12129607  84.721235 284.049061  10.995224  11.7
3908 1980 PA                         229.181386  1.9258603  0.45878989 125.859651 261.795509   2.176076  17.4
3909 Gladys                          126.842297  2.6121126  0.11850275  26.261714 218.739607  13.149245  12.1
3910 Liszt                            97.600457  2.7938791  0.13360813 271.873468   3.094661   8.703230  12.1
3911 Otomo                           322.668137  3.0366315  0.10067053 137.595071 210.655835  10.732533  11.4
3912 Troja                           153.197452  2.3749392  0.03281962  61.027743  26.303382   2.407357  13.1
3913 Chemin                           17.940393  2.3579164  0.22383196  43.118932 156.020635  23.923741  12.2
3914 Kotogahama                       90.406496  3.0130596  0.08281635 320.226434 321.872328   9.347302  11.5
3915 Fukushima                       227.271657  2.4389543  0.03941149 143.081621 173.753778  14.448253  12.2
3916 Maeva                           222.903605  3.2262772  0.14948100  80.385635  28.307348   1.966342  12.2
3917 Franz Schubert                  171.315626  2.3576919  0.02289487 300.566003 137.206597   2.426595  13.8
3918 Brel                            322.896382  2.2441102  0.20890402 202.622466 160.836101   7.509285  13.3
3919 1984 DS                         352.128011  2.2179741  0.18916004 138.040161 158.649035   3.957030  14.0
3920 Aubignan                        287.420281  2.2540647  0.27164405 237.262339 116.601616   9.047406  13.2
3921 Klement'ev                       52.826669  2.6483664  0.28336801 214.978479 155.632762  12.063173  12.7
3922 1971 SP3                        296.321369  3.1325107  0.20387879  13.308539 351.163346   2.020657  12.5
3923 Radzievskij                     229.261322  3.9537915  0.22030106 284.828970 152.440765   3.485589  11.4
3924 Birch                           357.897137  2.6991431  0.10863661  95.251421 332.000020   6.719720  12.0
3925 Tret'yakov                      248.936082  3.1593772  0.19045740 209.029351 163.930972  15.604796  10.9
3926 Ramirez                         252.562994  2.5558974  0.12425243 235.213883 239.451793   9.165837  14.1
3927 Feliciaplatt                     55.492445  2.1945041  0.13573954  25.941189 255.791264   1.949814  14.0
3928 Randa                             1.246643  2.2465782  0.18969895  54.052714 269.449660   2.452657  13.3
3929 Carmelmaria                     215.187212  2.3805681  0.13608997 221.500075 153.267764   2.889402  13.6
3930 Vasilev                          36.241149  3.1357727  0.15446702 250.452783  37.786213   1.234044  12.3
3931 Batten                          348.509283  2.3943631  0.08129072 151.697543 328.507375   3.799342  13.5
3932 1984 SC5                        185.639678  2.5646909  0.16785812 327.561739 324.721822  14.552650  12.0
3933 Portugal                        304.566397  3.2422483  0.10071301 236.342207  43.968062   1.713612  12.4
3934 1987 DF1                        184.468153  2.5940169  0.14260065  94.976828 157.732656  13.132722  13.1
3935 Toatenmongakkai                 189.103276  2.5405467  0.23303038 103.563271 300.885697   8.726914  12.1
3936 Elst                            260.552831  2.4287881  0.12670615  37.330469 240.900795   5.638282  13.0
3937 Bretagnon                       184.685719  3.0634158  0.03544947 102.829177 358.150047   8.870899  11.7
3938 Chapront                        250.530258  2.4890337  0.04280583  76.111646 158.142945   2.081911  13.3
3939 Huruhata                          6.852261  3.1152007  0.09080513 253.868018  32.731574  24.760246  11.4
3940 Larion                           49.252836  1.9879095  0.05694374 304.383664 194.818196  22.838037  12.7
3941 Haydn                           260.901344  2.9315315  0.01828969 277.301615 185.455185   1.661222  12.9
3942 Churivannia                     267.783042  2.3922789  0.19611747 288.252632  18.427133   4.628323  13.2
3943 Silbermann                      333.979257  2.2736151  0.18978956 353.794054   7.190700   6.472591  14.2
3944 Halliday                        264.544031  2.3679851  0.15120576 287.760716  69.864032   7.545785  13.1
3945 Gerasimenko                     306.582138  3.1192075  0.26856808 334.473516   9.642264   1.838309  12.3
3946 Shor                            242.541098  3.0853330  0.13710925 273.534057 326.319831   0.744265  12.1
3947 Swedenborg                      297.432016  3.0954296  0.15136133 103.726972 254.309274   5.379900  12.0
3948 Bohr                            306.220235  2.2620051  0.19494261 120.647284 190.930977   2.723899  13.6
3949 Mach                            149.223721  2.2088922  0.03193526 304.270861 250.082415   3.775422  13.3
3950 1986 CH                         107.374770  2.9931780  0.05165939 270.621832 269.546796   8.917836  12.0
3951 Zichichi                        226.452663  2.3383130  0.17475787 151.762905 270.328685   5.418854  12.8
3952 1986 EM2                        177.822588  2.3841453  0.15656519 175.762907 288.889330   1.957129  13.9
3953 Perth                           177.473126  2.2614300  0.18783427 237.588594 129.242443   4.951661  13.6
3954 Mendelssohn                     160.572203  2.1441156  0.09338997  71.981205 161.790352   3.182728  14.8
3955 Bruckner                        264.433234  3.0249526  0.07023876  76.854230  23.921013  10.441984  11.3
3956 Caspar                          351.228844  2.2398438  0.17997079 107.527445 255.590944   4.805255  13.2
3957 Sugie                           351.301509  3.0850833  0.19537149 133.137034 182.037113   5.722117  12.5
3958 1953 TC                         175.635929  2.4684292  0.20868400  28.009480  11.928721   4.851173  12.3
3959 Irwin                           305.262564  2.2594522  0.18792576 197.705449 211.067119   3.279371  14.0
3960 1955 BG                          51.117296  2.6410597  0.28091416  11.668781  85.126895  14.473518  12.0
3961 Arthurcox                       191.678799  2.6207408  0.15640103 326.670088 316.782940  12.663289  12.3
3962 Valyaev                         186.683814  3.2113197  0.12495390  94.844114  50.382823   2.004902  12.4
3963 Paradzhanov                     187.667070  2.4394543  0.19637075 285.093048 109.985898   3.273570  13.6
3964 Danilevskij                      86.112053  2.7555311  0.16798307   7.813673 334.342191   8.688296  13.0
3965 Konopleva                        86.787701  2.6502869  0.15615733 132.431933 284.913313  12.737935  12.4
3966 Cherednichenko                  190.557314  3.2284758  0.02600508  55.497845  32.729762   3.559086  11.9
3967 Shekhtelia                      237.687463  3.2470763  0.06352141   1.809448 101.868248  17.512527  11.3
3968 Koptelov                        333.134827  2.3214883  0.09066741 312.276494 312.343345   6.210757  12.9
3969 Rossi                           354.925032  2.2205419  0.12578635 211.580572 172.830244   2.140685  14.3
3970 1979 ME9                        233.346831  2.5573286  0.13141006 303.685037  22.050732  15.167371  12.4
3971 Voronikhin                       23.005759  2.8492688  0.18373160  82.010997 285.306288  12.998197  11.8
3972 Richard                          44.156101  2.1632943  0.17737861 178.698825 163.396727   4.143377  14.4
3973 1981 UC1                        273.231920  2.3580688  0.20870507 244.985653  71.076185   1.850340  13.1
3974 Verveer                         323.648015  2.6011794  0.10888065 159.246984  21.514937  13.412127  11.8
3975 Verdi                           340.451892  2.8977851  0.05043115 250.307260 205.009793   1.286647  12.3
3976 Lise                             22.969383  2.7600016  0.07126651 102.988771 222.675848  12.714195  11.6
3977 Maxine                          180.152740  2.6403458  0.16906039  73.114454 218.520533  12.532367  12.3
3978 Klepesta                        248.404855  2.8809383  0.00341895 282.049830 242.663933  12.165171  11.7
3979 Brorsen                         215.057631  3.1021183  0.04218667 102.533169 344.552191   3.077949  11.7
3980 Hviezdoslav                     236.542220  3.1206656  0.16619816 357.780238  74.308893   2.283050  12.7
3981 Stodola                         248.754478  3.1546602  0.18147832 349.139681  79.955707   2.465435  11.9
3982 Kastel                          358.761535  2.2587959  0.21917675  50.546216 252.192477   5.299430  13.2
3983 Sakiko                           22.202828  2.4480521  0.11626002 223.892672 329.803649   2.617435  12.4
3984 1984 SB6                        224.149424  2.4360567  0.18288539 262.864233 100.228104   2.935864  13.9
3985 Raybatson                       206.213545  2.8486214  0.09952546 149.953276  84.252882  16.278478  11.3
3986 Rozhkovskij                     217.439955  2.2533581  0.13364868 163.440272 281.882017   4.948455  12.9
3987 Wujek                            98.495609  2.7330577  0.11736266 306.588665  48.790305   4.824812  12.0
3988 1986 LA                          67.707603  1.5446835  0.31677452  86.629621 230.007431  10.767593  18.2
3989 Odin                            152.120588  2.2575079  0.18631746  52.005069 327.792208   3.479008  13.9
3990 Heimdal                         107.081567  3.9430878  0.24133161 199.674257 192.895752   9.501939  10.4
3991 Basilevsky                      131.731867  2.2495743  0.17446600 355.440921 283.029943   3.872453  13.3
3992 Wagner                           60.965378  3.0144503  0.08728229 155.618255 169.077671  10.430430  11.7
3993 Sorm                             82.581210  2.5707796  0.07237432 247.388435 206.176554   3.071599  12.5
3994 Ayashi                          130.980048  2.6547095  0.24157793 296.507569  52.402251   3.682025  12.7
3995 Sakaino                         132.364922  2.6358340  0.09292484 276.044609 100.028907   9.311547  12.4
3996 1988 XG1                        106.936938  2.2600134  0.10388667 156.221258  90.826460   2.284666  13.0
3997 Taga                            233.078237  2.4242673  0.17205449 309.943117  84.515388   3.621870  13.2
3998 Tezuka                          286.418722  2.2807012  0.19551200  75.232868   5.804009   6.497434  12.9
3999 Aristarchus                     134.947847  2.4581522  0.12360961 208.647221 297.309880   2.549815  12.4
4000 Hipparchus                       80.913975  2.5896010  0.11325502 173.613809 318.920715   2.712598  12.6