1001 Gaussia                           2.842024  3.2009886  0.13665694 139.374840 259.622883   9.314534   9.8
1002 Olbersia                         23.185643  2.7875851  0.15480574 354.687469 344.142625  10.779515  11.1
1003 Lilofee                          51.348153  3.1472284  0.15366000 319.252499 139.471717   1.835568  10.2
1004 Belopolskya                     326.649481  3.4130097  0.08644202 224.044365 153.901294   2.977078  10.0
1005 Arago                            68.576572  3.1695111  0.10907330  56.076739 349.524040  19.120724   9.7
1006 Lagrangea                       135.143878  3.1698859  0.34182869  84.259826 296.006812  10.961395  11.2
1007 Pawlowia                        277.072459  2.7065721  0.11176329  76.791858 307.693203   2.541964  11.5
1008 La Paz                          234.866845  3.0884829  0.08224099  21.380609  20.831392   8.949260  10.4
1009 Sirene                          188.841148  2.6209017  0.45876792 185.298558 229.720868  15.838537  14.7
1010 Marlene                         334.867971  2.9329608  0.10697131 276.443549  99.110169   3.906637  10.4
1011 Laodamia                         23.640109  2.3935216  0.34938112 353.474647 132.686541   5.488357  12.7
1012 Sarema                           29.645153  2.4808344  0.13337497  24.480855  73.291899   4.038394  12.4
1013 Tombecka                        325.455065  2.6811578  0.21163538  99.279534  27.542147  11.880228  10.1
1014 Semphyra                        300.646281  2.8015074  0.20036567 233.754036 251.976099   2.264035  12.1
1015 Christa                          86.385658  3.2098227  0.07941363 277.813012 120.912144   9.466598   9.0
1016 Anitra                          249.939079  2.2191092  0.12832528  52.816021   9.052744   6.041439  12.0
1017 Jacqueline                      218.870432  2.6052695  0.07673561  67.416289 119.205698   7.941417  10.9
1018 Arnolda                         300.223104  2.5394419  0.24775309 343.195619 359.848677   7.668078  10.6
1019 Strackea                        300.430710  1.9116170  0.07110526 121.752141 144.527793  26.978794  12.6
1020 Arcadia                         296.909690  2.7906327  0.04272092  36.524846 180.992536   4.044904  11.9
1021 Flammario                       244.988098  2.7354227  0.28762705 286.179045 115.870603  15.824525   9.0
1022 Olympiada                       300.662461  2.8051031  0.17516385 124.830285 112.210704  21.063720  10.5
1023 Thomana                         320.544540  3.1679017  0.11233149 195.606044 194.705607  10.060426   9.8
1024 Hale                            151.188151  2.8698373  0.22163534 308.016873  59.163756  16.082749  10.6
1025 Riema                           145.302406  1.9790549  0.03932425 348.159809 163.492876  26.862466  12.6
1026 Ingrid                           54.682204  2.2541103  0.18189153 211.992188 104.742933   5.400513  13.3
1027 Aesculapia                        0.299414  3.1530804  0.13205758 135.410265  29.502202   1.256692  10.6
1028 Lydina                          295.712044  3.3981225  0.12102985  23.782983  63.550022   9.386727   9.4
1029 La Plata                         90.350585  2.8887191  0.02686012 136.078257  30.299404   2.438262  10.9
1030 Vitja                           190.490631  3.1239583  0.11604920   7.659969 188.071915  14.780259  10.3
1031 Arctica                          67.068218  3.0447022  0.06515355 303.109202 219.277113  17.621087   9.6
1032 Pafuri                          110.978376  3.1271810  0.14289969 192.233715  76.439983   9.481509  10.0
1033 Simona                           26.461340  3.0031160  0.11161341 214.704314 189.254840  10.649246  11.0
1034 Mozartia                        115.877205  2.2925648  0.26295053  18.363055 304.816871   3.974369  12.2
1035 Amata                           121.243941  3.1378241  0.20254482 323.180015   2.197975  18.087303  10.3
1036 Ganymed                         349.715696  2.6583768  0.53879688 132.305413 215.788877  26.644499   9.5
1037 Davidweilla                     294.879656  2.2544556  0.19123772 169.374457 200.889835   5.894090  13.6
1038 Tuckia                          185.778363  3.9577889  0.23179733 306.565765  58.329493   9.227467  10.8
1039 Sonneberga                      151.105411  2.6830821  0.05998251 325.167381 221.967603   4.541087  11.1
1040 Klumpkea                        148.945432  3.1114551  0.19322977 159.676413 280.317285  16.679580  10.4
1041 Asta                             10.003460  3.0727837  0.14281901 338.917378  60.439603  13.900758   9.9
1042 Amazone                         118.061320  3.2306636  0.10009457 293.078830  52.729120  20.677068   9.8
1043 Beate                            59.248902  3.0912405  0.04823711 161.223952 159.605363   8.931261   9.8
1044 Teutonia                        280.841298  2.5764472  0.14154003 226.289406  60.185370   4.267431  10.9
1045 Michela                         100.849554  2.3590562  0.15810517 165.649077 269.162648   0.261022  12.9
1046 Edwin                           111.109599  2.9849549  0.06294307  53.411668  11.049560   7.906980  10.2
1047 Geisha                            1.113943  2.2410465  0.19275169 299.779257  78.399708   5.665881  11.9
1048 Feodosia                        308.162528  2.7303028  0.18330773 183.325741  53.066132  15.846289   9.8
1049 Gotho                           113.069433  3.1001140  0.12684704  38.181144 343.197022  15.104111  12.0
1050 Meta                              5.683090  2.6249277  0.17514229  65.708059 342.534728  12.524315  12.0
1051 Merope                          242.308545  3.2211116  0.09334902 146.523726 181.321219  23.384228   9.9
1052 Belgica                         276.420477  2.2357997  0.14386484 297.437250  99.748363   4.696346  12.0
1053 Vigdis                           42.370968  2.6146283  0.09580211  41.983261  17.854817   8.328800  12.4
1054 Forsytia                        220.958984  2.9201732  0.13780147 295.644156  86.109287  10.858448  10.3
1055 Tynka                           173.304070  2.1988123  0.20754899 176.199644 147.314537   5.271141  12.0
1056 Azalea                          314.670890  2.2296959  0.17785880 212.251386 104.310733   5.427797  11.7
1057 Wanda                           262.054312  2.8898029  0.24988371 112.833625 258.986798   3.520053  11.0
1058 Grubba                          129.992233  2.1961147  0.18740526  93.760347 222.055343   3.689965  12.0
1059 Mussorgskia                       5.065958  2.6435412  0.18328659  87.576320 200.715374  10.109164  10.7
1060 Magnolia                        291.649103  2.2379031  0.20163422  84.334407 221.407509   5.916164  12.7
1061 Paeonia                          55.160336  3.1304384  0.20977314 301.114004  91.703833   2.491242  12.1
1062 Ljuba                           304.242887  3.0086929  0.06479801  95.124852 341.907099   5.610286   9.9
1063 Aquilegia                        85.169279  2.3138757  0.03892838 105.995453  95.525587   5.976981  11.4
1064 Aethusa                         266.335036  2.5453293  0.17257166  19.484667 280.808235   9.467970  10.5
1065 Amundsenia                      296.385331  2.3593673  0.29884809 353.140819 330.518381   8.382947  13.2
1066 Lobelia                          93.890338  2.4028201  0.20850942  16.827392 345.418007   4.821773  12.5
1067 Lunaria                         245.984346  2.8677578  0.19444029 113.928652 290.111554  10.546681  11.0
1068 Nofretete                       303.689999  2.9085279  0.09606916 263.303385 319.370825   5.504546  11.2
1069 Planckia                        266.068835  3.1274218  0.10653781  35.016406 142.596523  13.570427   9.3
1070 Tunica                          163.328030  3.2312148  0.08276439 179.144034 165.623444  16.989757  10.6
1071 Brita                            26.974693  2.8008212  0.10957120  28.449657  52.757365   5.369601  10.1
1072 Malva                           206.166552  3.1588137  0.24387606  27.378590  37.180430   8.036555  10.5
1073 Gellivara                       108.671376  3.1688272  0.20176614 289.407827  39.560835   1.615669  11.9
1074 Beljawskya                       81.823091  3.1624743  0.16786705  22.883008  38.135086   0.808855  10.0
1075 Helina                          272.999887  3.0121607  0.11203040 254.166191 101.055578  11.516828  10.2
1076 Viola                            98.058143  2.4749588  0.14362602 303.966802 143.924201   3.316234  12.3
1077 Campanula                       153.793335  2.3929121  0.19809464  13.357277 346.489317   5.407168  12.2
1078 Mentha                          283.912808  2.2694182  0.13780773  43.908478  93.980933   7.367618  11.8
1079 Mimosa                          281.953530  2.8778414  0.04641492 101.225614 330.072491   1.182980  11.2
1080 Orchis                          245.018469  2.4184164  0.25804193  57.179371   2.169353   4.592256  12.2
1081 Reseda                          343.908496  3.0919576  0.15563429   3.818600  30.881922   4.231917  11.3
1082 Pirola                          317.240174  3.1243556  0.17765763 189.980903 148.103274   1.848836  10.4
1083 Salvia                          310.570732  2.3291374  0.18084395  32.464547  80.903523   5.131980  12.6
1084 Tamariwa                        358.327213  2.6889980  0.12924566 108.938603 187.291364   3.892384  10.8
1085 Amaryllis                       272.517394  3.1829537  0.05423529 120.964236 140.218954   6.630383   9.4
1086 Nata                             78.505964  3.1627865  0.05487847 169.528583 313.515818   8.347270   9.3
1087 Arabis                          130.218722  3.0154294  0.09218523  29.609977  30.686746  10.068286   9.7
1088 Mitaka                          249.065050  2.2012366  0.19580874 319.264689  54.668119   7.651170  11.4
1089 Tama                            148.341370  2.2138116  0.12747720 354.385801  71.610974   3.728640  11.6
1090 Sumida                          169.216563  2.3584543  0.22193252 337.040035 148.183883  21.519174  12.5
1091 Spiraea                         101.987294  3.4256101  0.05231208  11.143019  80.698633   1.157522  10.6
1092 Lilium                          248.495772  2.9014816  0.08271606 312.748101 308.115615   5.397073  10.8
1093 Freda                             8.841136  3.1366701  0.26839325 252.642930  55.752628  25.179372   8.8
1094 Siberia                         322.508918  2.5444648  0.13382997 309.714988 149.254400  14.016114  11.9
1095 Tulipa                          292.384069  3.0242570  0.02427005   0.465901 178.827257  10.012749  10.4
1096 Reunerta                        221.821640  2.6030905  0.18986530 247.223548  81.562775   9.487360  10.3
1097 Vicia                           107.231298  2.6378689  0.29808375 176.419714 133.869031   1.528810  11.7
1098 Hakone                          249.066289  2.6876001  0.11879715  80.566610 329.381864  13.390780  10.2
1099 Figneria                        138.424423  3.1967577  0.26689654 342.208253  23.368931  11.664183  10.4
1100 Arnica                           94.138512  2.8964069  0.06929893  18.933420 304.875693   1.037276  11.0
1101 Clematis                         36.435923  3.2387974  0.07705283 114.615761 202.188928  21.374832  10.1
1102 Pepita                           64.289162  3.0630263  0.12038300 115.691311 216.876686  15.812908   9.4
1103 Sequoia                          21.291139  1.9337412  0.09469559  77.596420 267.783857  17.898131  12.3
1104 Syringa                         127.534293  2.6291322  0.34550933 277.451169 128.870822   6.431947  12.5
1105 Fragaria                        195.580652  3.0148421  0.09781974 223.082826 117.243580  10.957937  10.1
1106 Cydonia                         176.755674  2.5979730  0.12380585 229.030991 328.551490  13.106834  12.0
1107 Lictoria                        137.661249  3.1786427  0.12843106 355.276958 111.059343   7.065324   9.1
1108 Demeter                          63.263422  2.4257345  0.25818830  77.384406 234.623159  24.939826  11.9
1109 Tata                            318.738458  3.2140299  0.11132356 350.253340 268.848335   4.156148  10.1
1110 Jaroslawa                        58.424905  2.2178746  0.24168162  77.953674 242.089801   5.855656  11.8
1111 Reinmuthia                       83.039729  2.9935065  0.09728921 231.424252 132.735091   3.889274  10.7
1112 Polonia                          59.727312  3.0207753  0.10133013  83.248633 303.412169   9.010566  10.1
1113 Katja                           159.939129  3.1055421  0.14625077 121.507464 324.855812  13.297787   9.4
1114 Lorraine                        311.933757  3.0957855  0.08238011 201.773882 195.939779  10.735331   9.9
1115 Sabauda                         242.308680  3.1151197  0.16290845  53.350176  72.183735  15.279401   9.3
1116 Catriona                         46.777967  2.9254150  0.22771929  83.380134 356.658858  16.523107   9.7
1117 Reginita                        358.698968  2.2476002  0.19788268 150.807687 147.306270   4.338515  11.9
1118 Hanskya                         186.740147  3.2081856  0.05510877 334.982528 319.202913  14.016604   9.5
1119 Euboea                          356.619474  2.6127552  0.15077008 229.785349  57.550704   7.860203  11.2
1120 Cannonia                         43.543515  2.2159791  0.15525628 219.220364 158.811898   4.046640  12.8
1121 Natascha                         28.134479  2.5463977  0.15744721  50.190144 358.104922   6.158649  11.8
1122 Neith                           190.568887  2.6051813  0.25924489 328.816422  63.492454   4.746665  11.1
1123 Shapleya                        349.172522  2.2252039  0.15667320 316.970030  80.039077   6.419902  11.7
1124 Stroobantia                      42.953028  2.9310402  0.03375214 272.947052  22.517535   7.794889  10.7
1125 China                            47.032955  3.1332775  0.21452912  12.000290  97.267096   3.040869  11.2
1126 Otero                            77.188766  2.2715894  0.14790376 135.604872   1.249431   6.507672  12.1
1127 Mimi                            272.349358  2.5945449  0.26333724 281.328168 128.979897  14.764223  11.0
1128 Astrid                          205.998962  2.7877330  0.04518798 234.453942  59.418722   1.017482  10.7
1129 Neujmina                        339.553147  3.0233523  0.08304285 132.854586 269.778862   8.593537  10.2
1130 Skuld                           260.059428  2.2288377  0.19757081 113.429457 216.425214   2.162798  12.1
1131 Porzia                          251.563914  2.2283932  0.28625663 247.730364 100.865471   3.231043  13.0
1132 Hollandia                       253.591741  2.6871536  0.27412601 268.706443  30.441176   7.236850  10.6
1133 Lugduna                          93.033153  2.1860625  0.18721693 306.358531  58.393160   5.377538  12.2
1134 Kepler                          237.306835  2.6873137  0.46370395 331.899125   6.452741  15.160937  14.3
1135 Colchis                         302.411555  2.6651249  0.11551746   4.007204 351.127923   4.553848  10.2
1136 Mercedes                        292.604109  2.5638989  0.25803491 148.408331 209.647594   8.975182  11.0
1137 Raissa                          105.047071  2.4238515  0.09621281 276.683402  78.560388   4.321436  10.7
1138 Attica                          133.675864  3.1500785  0.06471016 103.245997 283.946329  14.008039  11.3
1139 Atami                            92.428937  1.9476408  0.25522213 206.397803 213.467517  13.088157  12.5
1140 Crimea                           10.494239  2.7719612  0.11161341 309.276420  72.374153  14.115525  10.2
1141 Bohmia                           69.189453  2.2705231  0.16493286 275.491722 105.702216   4.273714  13.9
1142 Aetolia                         315.262753  3.1778179  0.09468180  95.197895 139.589236   2.097273  10.3
1143 Odysseus                        315.368729  5.2570809  0.09238909 234.646949 221.308659   3.135379   7.9
1144 Oda                             262.405691  3.7557521  0.07946034 221.141389 157.623951   9.659481  10.0
1145 Robelmonte                       39.410602  2.4246681  0.11637148 268.054965 346.987422   6.220668  11.1
1146 Biarmia                         332.103603  3.0540004  0.24393277  61.681733 214.734649  17.153785   9.8
1147 Stavropolis                      55.732697  2.2712743  0.23204874  15.301271 265.459060   3.880566  12.0
1148 Rarahu                           38.791525  3.0150840  0.11676631 176.042838 145.732727  10.848169  10.2
1149 Volga                           302.368536  2.8977008  0.09872981 114.639757 261.943695  11.739531  10.6
1150 Achaia                           82.005325  2.1906932  0.20425991 138.919258 206.819525   2.386669  12.7
1151 Ithaka                          163.460849  2.4066804  0.27686493 122.475206 225.599735   6.558338  12.7
1152 Pawona                          331.838325  2.4268062  0.04394769 217.620757 332.273515   5.081947  11.3
1153 Wallenbergia                    277.419015  2.1960424  0.15994208  28.478409 280.794915   3.333779  12.1
1154 Astronomia                       20.565994  3.3841073  0.06716563 181.216562  83.203047   4.552260  10.5
1155 Aenna                            10.171577  2.4643628  0.16157944 193.474143  39.264474   6.603343  11.5
1156 Kira                             63.658716  2.2371666  0.04656501 354.829004  91.147110   1.398232  12.4
1157 Arabia                           57.862803  3.1897879  0.14158518 316.697069 336.379449   9.541817  10.0
1158 Luda                            223.462467  2.5632167  0.11309179  56.374588 345.008160  14.864213  10.8
1159 Granada                         315.194925  2.3792259  0.05784779 313.846523 348.036314  13.049118  11.6
1160 Illyria                         282.056930  2.5594595  0.11892203   5.047050   3.939775  14.997545  11.1
1161 Thessalia                        80.289000  3.1685405  0.09052562 300.338692  73.167687   9.356475  11.6
1162 Larissa                         146.175808  3.9257967  0.10982846 212.166366  39.849324   1.889619   9.4
1163 Saga                            120.947128  3.2133444  0.05570517 197.854787 128.128404   9.021649  10.6
1164 Kobolda                         206.720553  2.3082484  0.19497603 340.629174 157.112740  25.168497  12.8
1165 Imprinetta                       50.365431  3.1262251  0.21343301  98.609694 203.900806  12.808115  10.3
1166 Sakuntala                       270.824237  2.5387179  0.20436857 188.981616 106.913447  18.852775   8.8
1167 Dubiago                         309.802641  3.4035439  0.08282622  59.580120 224.989525   5.732346   9.9
1168 Brandia                         228.092794  2.5532838  0.21654274 123.204921 218.851062  12.746698  12.5
1169 Alwine                            2.244950  2.3183339  0.15361063 176.581282 255.270570   4.046300  13.0
1170 Siva                              5.622538  2.3255567  0.30001288  58.862243   1.167136  22.210241  12.4
1171 Rusthawelia                       9.625541  3.1716450  0.19782996 284.317524 122.898875   3.057337   9.9
1172 Aneas                             1.211122  5.1747350  0.10422844  47.886647 247.483693  16.704283   8.3
1173 Anchises                        325.767219  5.3253248  0.13697823  39.253844 283.946525   6.906208   8.9
1174 Marmara                         353.513912  3.0228938  0.11917864 352.277431   1.307313  10.104870  12.0
1175 Margo                           298.093953  3.2187201  0.05633509 111.038668 237.509046  16.253601  10.2
1176 Lucidor                         103.288767  2.6922532  0.14380958 155.781947 272.547138   6.658008  10.9
1177 Gonnessia                       319.908534  3.3475791  0.02496420 221.364742 252.468068  15.103518   9.3
1178 Irmela                          122.361094  2.6767185  0.18682719 356.830234 170.417301   6.965377  11.8
1179 Mally                           275.557698  2.6166042  0.17572434 233.959630   7.191859   8.706887  12.9
1180 Rita                             87.364518  3.9890237  0.15826425 209.673762  88.427798   7.198805   9.1
1181 Lilith                          206.420374  2.6627085  0.19666677 155.398363 260.933488   5.587874  11.5
1182 Ilona                            96.964715  2.2598720  0.11687084  62.772455 336.566318   9.397805  11.3
1183 Jutta                           167.649602  2.3828914  0.13126926 206.023267  15.365826   2.803367  12.1
1184 Gaea                            219.225965  2.6686468  0.07173434 309.098371 356.067807  11.298188  11.1
1185 Nikko                            19.537584  2.2373935  0.10484960   1.975983  72.036632   5.700613  12.1
1186 Turnera                          16.715221  3.0208473  0.11029595 295.730532  43.245729  10.753718   9.2
1187 Afra                             15.523621  2.6404503  0.21968750  73.998292 327.559779  10.732782  11.3
1188 Gothlandia                      327.282588  2.1907288  0.18066387   6.644009   5.620431   4.821964  11.7
1189 Terentia                        167.364226  2.9334116  0.11115327  96.847941 275.557693   9.869590  10.0
1190 Pelagia                         265.149227  2.4313761  0.13302862  41.178581  26.634718   3.169516  12.4
1191 Alfaterna                       210.523096  2.8907418  0.04898518  57.817793 134.924077  18.484623  10.6
1192 Prisma                          203.662283  2.3678985  0.25845036 130.632338   1.575304  23.856776  12.9
1193 Africa                          206.253342  2.6465363  0.12196656 184.752223  49.821877  14.121783  12.2
1194 Aletta                          227.563610  2.9121622  0.09212524 245.893461 291.515539  10.870749  10.2
1195 Orangia                         277.339274  2.2578895  0.20062074 327.611553 281.547390   7.184403  13.7
1196 Sheba                            88.219097  2.6525202  0.17862908 261.247910 101.169858  17.697725  10.3
1197 Rhodesia                        313.140226  2.8796903  0.23680303 276.678526 256.160582  12.958910  10.0
1198 Atlantis                        285.648953  2.2505609  0.33557967  83.802330 260.126500   2.724419  14.6
1199 Geldonia                        103.541030  3.0163136  0.03352106 277.083799 236.190834   8.777675  10.4
1200 Imperatrix                      272.444170  3.0594438  0.11312114  46.103517 205.634152   4.600434  10.5
1201 Strenua                          21.884139  2.6981694  0.04003721 164.111262 203.282198   6.997381  11.4
1202 Marina                          195.558475  3.9759796  0.18120598 310.365017  50.659975   3.362670  10.6
1203 Nanna                           209.771784  2.8830129  0.25039177 176.038843 224.999829   5.968558  11.2
1204 Renzia                          244.497583  2.2637333  0.29355416 313.249210   7.810459   1.883034  12.2
1205 Ebella                          194.768515  2.5356303  0.27498754 349.283669  23.275452   8.884271  13.6
1206 Numerowia                        54.569363  2.8657503  0.05151309 278.678856 324.900566  13.028826  11.8
1207 Ostenia                         254.648939  3.0190556  0.09368424  42.009070  20.590759  10.373967  11.0
1208 Troilus                         317.652260  5.2208011  0.09135717 294.461243  48.604117  33.606158   9.0
1209 Pumma                           155.508452  3.1637564  0.13316685 179.982789  89.970061   6.935038  10.6
1210 Morosovia                       291.463046  3.0117872  0.05690159 160.914965 107.074360  11.257097   9.9
1211 Bressole                        173.773167  2.9322853  0.15556693 210.724623 130.040086  12.759769  10.6
1212 Francette                       122.008449  3.9497218  0.18723817 350.185013 149.740374   7.587278   9.6
1213 Algeria                          45.786902  3.1323540  0.13430433 104.357241 272.122437  13.043996  10.8
1214 Richilde                        101.548316  2.7093228  0.11938580  32.227145 286.302020   9.848314  10.9
1215 Boyer                            98.867182  2.5790219  0.13158760 265.887217 123.864129  15.910522  11.1
1216 Askania                         226.578876  2.2323548  0.17938302 144.086725 121.783967   7.595680  13.5
1217 Maximiliana                      83.957851  2.3543300  0.15375315  91.888761 148.560783   5.148774  12.5
1218 Aster                           191.074746  2.2636688  0.10906253  68.558887  63.969211   3.160121  12.9
1219 Britta                          135.603202  2.2130708  0.12451849  23.693650  42.684358   4.416342  12.0
1220 Crocus                          322.491254  3.0045052  0.06691194 330.625118 113.689095  11.359019  11.7
1221 Amor                            314.455082  1.9191212  0.43563162  26.274299 171.512376  11.894771  17.7
1222 Tina                             36.723331  2.7940024  0.24875493  59.078244 246.202560  19.646033  10.3
1223 Neckar                          217.379168  2.8675677  0.06184377  13.538226  41.121234   2.555312  10.6
1224 Fantasia                         67.122966  2.3042353  0.19875538 128.755190 258.348830   7.873863  11.4
1225 Ariane                          243.654866  2.2342994  0.07402334 100.101186  12.563255   3.079144  12.1
1226 Golia                           196.821970  2.5850517  0.11303546 137.851757  17.604137   9.848526  11.1
1227 Geranium                        278.318005  3.2220850  0.19070260 295.549637   2.409497  16.335607  10.1
1228 Scabiosa                         28.813770  2.7692702  0.04086993 208.339819 308.273502   3.285391  11.5
1229 Tilia                           184.046147  3.2369387  0.15149961 158.830085 199.462397   0.997367  11.1
1230 Riceia                           57.739045  2.5727465  0.17725761 184.571289 200.857555  10.480854  12.8
1231 Auricula                        252.142424  2.6688464  0.08627335 246.872135 342.217284  11.479320  11.6
1232 Cortusa                          56.018408  3.1927052  0.12389154 329.679236 262.759373  10.180025  10.2
1233 Kobresia                        230.054913  2.5550754  0.05827241 333.278896 291.584106   5.606307  11.3
1234 Elyna                           267.155413  3.0098330  0.09499613  89.168220 305.059711   8.527459  11.5
1235 Schorria                         76.781948  1.9103596  0.15423071  43.595821  13.059767  25.008658  12.7
1236 Thais                           247.692120  2.4299424  0.24382088 305.544690  48.807757  13.150410  11.9
1237 Genevieve                       334.776066  2.6136402  0.07856975 306.430370  58.053511   9.718428  10.7
1238 Predappia                        81.075548  2.6659394  0.14050582  92.545733  52.131435  12.177465  11.9
1239 Queteleta                       123.214924  2.6619478  0.23086498  35.203578  73.233572   1.667222  12.5
1240 Centenaria                       23.001091  2.8669602  0.17523882  22.573412 324.153743  10.172261   9.7
1241 Dysona                          153.815024  3.1823659  0.10745619 322.719313 322.478652  23.564914   9.5
1242 Zambesia                         54.882870  2.7365071  0.18830814  52.928937 350.144281  10.172928  10.1
1243 Pamela                          334.967494  3.0983686  0.03606054  62.111354 246.147149  13.240891   9.7
1244 Deira                           211.174973  2.3433771  0.09787598 261.945514 277.238832   8.694326  11.3
1245 Calvinia                         58.987841  2.8915660  0.08013612 204.804395 151.986864   2.887581   9.9
1246 Chaka                           164.471087  2.6231877  0.30555161  54.015299 290.893347  16.048381  10.9
1247 Memoria                         329.339436  3.1455958  0.15910537 139.713248 162.161281   1.768963  10.5
1248 Jugurtha                        162.707308  2.7212417  0.01543628 348.022788  79.586125   9.146905   9.7
1249 Rutherfordia                    230.873914  2.2253993  0.07591921 222.912238 259.226080   4.869967  11.5
1250 Galanthus                       357.203823  2.5536271  0.26969234 217.335127 292.118259  15.155603  12.3
1251 Hedera                          315.936897  2.7166547  0.15799040 217.418102 140.983727   6.045749  10.5
1252 Celestia                        244.403277  2.6942485  0.20462215  63.318965 141.104743  33.897613  10.9
1253 Frisia                          287.911760  3.1543648  0.21764125 356.858386  40.038077   1.352078  11.5
1254 Erfordia                          8.825167  3.1337531  0.04066689 250.512477 288.298024   7.076709  10.8
1255 Schilowa                        219.317525  3.1522004  0.16504339 135.388979 237.917027   8.545440  10.2
1256 Normannia                       176.739204  3.9000889  0.08683881 112.190773 238.524655   4.176157   9.7
1257 Mora                             20.535515  2.4878687  0.08138938  16.079571 214.081070   3.913794  11.5
1258 Sicilia                         181.608863  3.1881868  0.03099656  68.454377 299.952263   7.715933  10.5
1259 Ogyalla                         268.550989  3.0982014  0.13603497 151.557472  75.202034   2.386996  11.0
1260 Walhalla                        334.970867  2.6138002  0.03692633  21.761614 305.069932   8.010373  11.9
1261 Legia                           255.904369  3.1400424  0.17358452 106.085783  67.373627   2.428274  11.0
1262 Sniadeckia                       66.791660  3.0038165  0.01113914 180.180451 124.624770  13.131186  10.3
1263 Varsavia                         68.837147  2.6668155  0.18935625 287.168898 158.671189  29.217811  10.5
1264 Letaba                          129.053591  2.8609798  0.15809537  30.658108 235.317838  25.011186   9.1
1265 Schweikarda                     131.278937  3.0251486  0.07484197 116.345094 314.672716   9.510177  11.0
1266 Tone                             79.001910  3.3650544  0.04089028 281.609240 321.829506  17.242873   9.4
1267 Geertruida                      159.519992  2.4670343  0.18102343 266.262606  24.892025   4.786972  12.1
1268 Libya                           358.046065  3.9624036  0.10422669 125.938613 351.864260   4.423955   9.1
1269 Rollandia                        94.925251  3.8969408  0.09684947  25.502491 134.898395   2.756901   8.8
1270 Datura                          158.465559  2.2351085  0.20787580 258.586547  97.995018   5.986516  12.5
1271 Isergina                          5.049712  3.1350349  0.12864676 264.759354 127.761078   6.661295  10.6
1272 Gefion                          171.092382  2.7845877  0.15120681   2.815462 321.768885   8.426752  12.8
1273 Helma                           276.510796  2.3930860  0.16235018  48.325181 296.911056   5.416907  12.8
1274 Delportia                       120.426617  2.2304124  0.11263142 244.381982 327.384786   4.401560  11.8
1275 Cimbria                          12.221158  2.6798628  0.16741754 196.324827 188.676167  12.863544  10.7
1276 Ucclia                          248.665674  3.1718023  0.10529410 331.107108 114.905081  23.366902  10.4
1277 Dolores                         200.003547  2.6967843  0.24108755  45.831665 247.697532   6.993923  11.1
1278 Kenya                           118.293804  2.4058076  0.26046630 238.181837  90.473061  10.864858  10.8
1279 Uganda                          292.270688  2.3712267  0.20837015 297.196679 335.836839   5.733423  12.5
1280 Baillauda                        50.907605  3.4085369  0.06324396  95.928868 293.423613   6.460189  10.3
1281 Jeanne                          346.274158  2.5593862  0.20258086  72.635016 210.287308   7.445456  11.6
1282 Utopia                          205.793845  3.1154402  0.12453495  82.455774 324.606306  18.046689  10.0
1283 Komsomolia                      209.102105  3.1884634  0.21677664 236.539080 157.980251   8.892398  10.3
1284 Latvia                          321.458345  2.6465085  0.16991636 114.072251 303.245766  10.888687  10.2
1285 Julietta                        142.022335  2.9941971  0.04753668  75.713947 318.312194   5.693684  10.6
1286 Banachiewicza                   162.649013  3.0212341  0.09350760 102.203715 201.047376   9.725380  10.9
1287 Lorcia                           27.460822  3.0118266  0.06262167 273.731757 202.828495   9.816073  11.1
1288 Santa                            77.055083  2.8837066  0.06305750  51.237501 299.376962   7.572563  11.4
1289 Kutaissi                        171.311668  2.8604320  0.06087262 114.696701 193.483710   1.605719  10.7
1290 Albertine                       260.699435  2.3656082  0.15366739  78.735075 307.634787   5.598565  12.5
1291 Phryne                          156.453292  3.0139300  0.09170816 113.228092 216.004975   9.090926  10.3
1292 Luce                            207.535041  2.5439864  0.05820442 239.593322 271.858316   2.150164  11.3
1293 Sonja                           189.838753  2.2281322  0.27476789  99.296746 236.721812   5.358416  12.0
1294 Antwerpia                       250.280051  2.6849897  0.23580968 312.657950  81.337033   8.714184  10.2
1295 Deflotte                        106.492409  3.3990777  0.11148128 278.158269 185.320959   2.864708  10.6
1296 Andree                           38.932033  2.4183691  0.14114099 236.881979 227.119073   4.106822  10.9
1297 Quadea                          150.317605  3.0200353  0.07304656 128.990472 296.309524   9.001543  10.8
1298 Nocturna                        339.276917  3.1245178  0.15608981  60.850725 300.268991   5.499226  10.7
1299 Mertona                         299.180898  2.8057457  0.18673058 259.528076 165.898610   7.880950  11.4
1300 Marcelle                         25.579241  2.7811764  0.00639397 347.180322  83.251035   9.543085  10.9
1301 Yvonne                           35.942769  2.7648025  0.27241294 302.318154 161.704383  34.047433  10.8
1302 Werra                            75.407339  3.1196183  0.16990121 356.247139  90.267142   2.596879  10.6
1303 Luthera                          85.151524  3.2128128  0.12014323 100.836330  72.346829  19.531342   9.0
1304 Arosa                            87.891493  3.2149650  0.10378545 143.956104  87.528810  18.890314   8.6
1305 Pongola                         204.389384  3.0104467  0.07570887 152.090566  63.102816   2.320271  10.7
1306 Scythia                         351.875833  3.1430834  0.09952907 133.078969 274.622110  14.910545   9.7
1307 Cimmeria                        332.536203  2.2503174  0.09599585 206.968974 234.037058   3.946118  12.3
1308 Halleria                        198.087004  2.9095564  0.00987163 188.485483 354.426397   5.582614  10.8
1309 Hyperborea                      165.570311  3.1996486  0.15382893 247.938989 206.321164  10.300991  10.2
1310 Villigera                        13.215705  2.3935141  0.35437727  88.104249 357.687771  21.079678  11.5
1311 Knopfia                         144.749176  2.4258423  0.04607774 240.635519 245.595308   2.822090  12.2
1312 Vassar                          273.875855  3.0866565  0.22063720 262.464539 129.613473  21.930774  10.8
1313 Berna                           312.896775  2.6575260  0.20754606  98.493213 298.761966  12.541050  11.8
1314 Paula                           188.384737  2.2951183  0.17441043 143.778096 264.922312   5.239141  12.7
1315 Bronislawa                      182.229326  3.2033123  0.08114434  27.771176 236.727630   7.067681   9.8
1316 Kasan                           104.150558  2.4121828  0.31854294 148.182505 238.372373  23.934695  13.3
1317 Silvretta                        13.734725  3.1848175  0.24503053  30.023771   7.250145  20.684510   9.9
1318 Nerina                          122.184268  2.3095658  0.20202061 195.877181 358.478502  24.657685  11.9
1319 Disa                            143.390043  2.9958248  0.20125028 316.894147 256.501751   2.785475  11.1
1320 Impala                          134.038411  2.9822146  0.23568674 205.588361  72.258219  19.861953  10.4
1321 Majuba                          208.134531  2.9421969  0.16766052 343.436034 318.232802   9.515018  10.3
1322 Coppernicus                     340.045922  2.4239218  0.23296395  29.703769 253.401086  23.317320  12.7
1323 Tugela                          135.008894  3.2195182  0.16446612 127.906664  46.197532  18.629109   9.9
1324 Knysna                          292.440697  2.1852559  0.16286153 329.438728 304.655675   4.515850  12.7
1325 Inanda                          261.400744  2.5406649  0.25699598 337.024849  14.546645   7.439521  11.5
1326 Losaka                          196.289259  2.6668584  0.22496369 278.821440 101.873831  15.979473  10.9
1327 Namaqua                         276.904059  2.7812704  0.16016893 269.185338  58.150194   5.824649  12.1
1328 Devota                           38.106824  3.4886253  0.14692502 175.418915 223.498730   5.770784  10.3
1329 Eliane                           48.067521  2.6186313  0.17288355 165.603445 132.321900  14.480263  10.9
1330 Spiridonia                      316.382961  3.1724527  0.07268287  10.802715 158.984757  15.963394  10.2
1331 Solvejg                         323.045877  3.1107952  0.17793415 186.177075 121.725957   3.088197  10.1
1332 Marconia                        125.536874  3.0659795  0.12593902 344.109021  14.119236   2.463095  10.2
1333 Cevenola                         76.108856  2.6337305  0.13413574 335.337082 115.227040  14.628909  11.4
1334 Lundmarka                       341.222178  2.9148364  0.09043551 128.248896 133.646583  11.425449  11.3
1335 Demoulina                       359.068183  2.2406971  0.15435758 198.285161 172.764852   2.543243  12.9
1336 Zeelandia                       127.335131  2.8493400  0.06325496 216.774493  97.646652   3.196057  10.7
1337 Gerarda                         309.060754  2.9089570  0.10224680 201.170979 160.603342  18.004063  11.1
1338 Duponta                         238.116088  2.2637448  0.11297558 110.079228 325.828799   4.819733  12.3
1339 Desagneauxa                      21.169723  3.0211289  0.05224190 167.099129 291.301093   8.696756  10.8
1340 Yvette                          344.733302  3.1749384  0.14026802 225.217318 346.097709   0.422624  11.1
1341 Edmee                           219.333091  2.7417217  0.07854946 141.072989 107.834009  13.104130  10.6
1342 Brabantia                        90.241317  2.2887886  0.20231232 228.981975 313.203499  20.947854  11.4
1343 Nicole                           50.962428  2.5714779  0.11127316 235.502853  41.375361   6.030960  11.1
1344 Caubeta                         284.247212  2.2474291  0.12080092 133.034056  60.217170   5.658282  12.8
1345 Potomac                         167.476480  3.9817452  0.17810676 335.426615 137.650063  11.390881   9.7
1346 Gotha                           189.103202  2.6271280  0.17831127 249.408292 166.489074  13.859434  11.3
1347 Patria                           40.171257  2.5711572  0.06770198 200.830595 229.551706  11.874536  11.6
1348 Michel                           51.731830  2.7920921  0.13872616  17.547249  87.935248   6.593119  11.4
1349 Bechuana                         94.561324  3.0179907  0.15448834 307.581195 307.424741  10.051995  10.2
1350 Rosselia                         78.281173  2.8579165  0.08580155 237.053031 139.728504   2.936899  10.8
1351 Uzbekistania                     19.603043  3.1961074  0.06124007  52.240259   9.853269   9.703960   9.6
1352 Wawel                           345.347911  2.7784601  0.06476061 210.938537 186.348960   3.754517  11.1
1353 Maartje                         257.240139  3.0136459  0.08810608  95.852224 212.341974   9.197170  10.4
1354 Botha                            84.105161  3.1250075  0.21653997 251.977114  28.821131   5.960675  11.3
1355 Magoeba                          32.543475  1.8534459  0.04476937 339.638995 225.360774  22.821175  13.1
1356 Nyanza                          125.184986  3.0842877  0.04463175 291.153006  70.143029   7.951760   9.9
1357 Khama                           322.183155  3.1807599  0.16285236 286.348424  84.014056  13.992489  11.0
1358 Gaika                            55.800210  2.4755821  0.16899822 286.633146  21.903228   2.173900  12.2
1359 Prieska                          68.973433  3.1215961  0.06086275 335.647389  64.533556  11.078014  10.5
1360 Tarka                           291.862097  2.6336562  0.21723136 287.013656 331.797532  22.779813  11.0
1361 Leuschneria                     221.859090  3.0888411  0.12109147 171.250991 165.173350  21.513204  10.8
1362 Griqua                          227.285798  3.2256631  0.36831911 262.364182 121.444326  24.181029  11.1
1363 Herberta                        266.314745  2.9029214  0.06511077 111.299691 215.195629   1.098579  11.6
1364 Safara                          128.497257  3.0089943  0.07402858 220.590604  64.328259  11.490833  10.6
1365 Henyey                          353.554558  2.2487051  0.12242868 336.527206 258.819297   5.071750  11.7
1366 Piccolo                         269.193485  2.8757466  0.13738934 282.392694  24.613438   9.489285  10.5
1367 Nongoma                         310.720438  2.3446744  0.12989726 347.408750 271.059421  22.457679  13.0
1368 Numidia                         228.257057  2.5240988  0.06316326 261.577795  18.475454  14.836666  10.9
1369 Ostanina                        192.939218  3.1111156  0.21954913 123.940199 181.354268  14.251915  10.7
1370 Hella                           247.346007  2.2508812  0.17009089   3.464213 306.295306   4.806719  13.8
1371 Resi                             12.318339  3.2135476  0.10191307 104.724221 185.569501  16.441011  11.4
1372 Haremari                        185.711193  2.7663725  0.14895353  87.798738 327.782822  16.431983  12.2
1373 Cincinnati                      351.283850  3.4114652  0.31829902  99.635083 297.556307  38.987692  11.2
1374 Isora                           220.418701  2.2507855  0.27785050  60.516843 302.858811   5.303202  13.5
1375 Alfreda                          96.317323  2.4478043  0.06964348  33.206259  52.858606   5.827055  11.6
1376 Michelle                          1.773985  2.2280093  0.21572093 155.866346 163.625004   3.545236  12.2
1377 Roberbauxa                       66.779849  2.2601957  0.09239289 356.201819 223.457046   6.018972  13.1
1378 Leonce                          315.151521  2.3754052  0.14806703 201.099146  43.700836   3.597736  12.1
1379 Lomonosowa                      169.102922  2.5263682  0.08847452  31.397552 169.976758  15.592755  11.1
1380 Volodia                          18.453898  3.1478265  0.10042382 236.232054   0.324076  10.509702  11.6
1381 Danubia                          72.168525  2.4884592  0.18059812  29.059084 352.145955   4.692452  12.3
1382 Gerti                           333.430028  2.2199637  0.13148988 246.065540 353.362750   1.566891  12.2
1383 Limburgia                       277.326735  3.0777168  0.18986586 167.727413 193.282106   0.047133  11.5
1384 Kniertje                        153.388617  2.6765087  0.18291141 275.340612 153.242139  11.831398   9.7
1385 Gelria                          210.353593  2.7409458  0.10627534 260.290577 115.171738   6.918492  10.7
1386 Storeria                        107.561773  2.3649480  0.28510065 152.195151 161.829405  11.784233  12.6
1387 Kama                            197.847486  2.2589135  0.20846763 125.423314 203.276973   5.528154  12.9
1388 Aphrodite                        43.990850  3.0194080  0.09730401 259.330848  54.602802  11.186461   8.9
1389 Onnie                           247.678281  2.8699486  0.01245655 291.799428 174.771679   2.040355  11.6
1390 Abastumani                      295.995459  3.4378274  0.02538803 355.466005  29.468573  19.980921   9.4
1391 Carelia                          90.633950  2.5452069  0.16878575  83.806215 103.885634   7.580002  12.1
1392 Pierre                           46.754553  2.6081649  0.20053040  44.070451 358.420190  12.253331  11.7
1393 Sofala                          128.365342  2.4341098  0.10980875 184.380887  56.930011   5.850676  12.2
1394 Algoa                            83.577281  2.4385043  0.07852251 113.554537 179.048415   2.665137  12.5
1395 Aribeda                         239.521682  3.2038161  0.04654933 108.079018 245.349469   8.672409  11.4
1396 Outeniqua                       167.233262  2.2472321  0.16538041 265.989495 359.778692   4.499419  12.0
1397 Umtata                           44.715472  2.6865398  0.25029123 206.214038  77.601035   3.511463  11.5
1398 Donnera                         350.829764  3.1573560  0.11415923  73.318631 297.343671  11.832914  10.1
1399 Teneriffa                       231.302652  2.2157425  0.16581696 223.665177 161.793564   6.506769  13.8
1400 Tirela                          148.320548  3.1149539  0.24357830 109.096569 210.970342  15.534649  11.5
1401 Lavonne                         345.650407  2.2269008  0.17989403  70.618112 277.793309   7.292379  12.3
1402 Eri                              47.846065  2.6872260  0.15245348  11.290341 267.270656  14.254958  13.0
1403 Idelsonia                       277.478651  2.7187317  0.29199780 192.330187 157.289385  10.152515  10.6
1404 Ajax                             24.998233  5.2907931  0.11455385  59.336164 332.968624  18.020723   9.0
1405 Sibelius                         70.685496  2.2519422  0.14542196  95.434005 312.333821   7.034417  12.3
1406 Komppa                          305.433105  2.6981471  0.09697435  84.192343 333.509652  12.443501  10.6
1407 Lindelof                        170.910813  2.7655840  0.28082824 109.888586 269.243435   5.807753  10.6
1408 Trusanda                        126.438997  3.1142679  0.08408341 184.996614 202.046476   8.313914  11.0
1409 Isko                            116.899308  2.6768712  0.05545958 206.050757 177.818491   6.689097  10.6
1410 Margret                         340.763401  3.0205517  0.10608601 227.886161 171.373277  10.365421  11.1
1411 Brauna                           49.563016  3.0018847  0.05545537  85.891613 285.118786   8.046824  10.9
1412 Lagrula                         272.844741  2.2155301  0.11247515  13.410257  66.247368   4.719033  12.8
1413 Roucarie                        268.402740  3.0235955  0.05767735 297.672056 179.032139  10.236413  10.9
1414 Jerome                           68.066768  2.7866213  0.15840162   1.603103 144.026797   8.827518  12.4
1415 Malautra                        133.164385  2.2248761  0.08631642 240.548494 329.494190   3.428803  12.2
1416 Renauxa                         324.675067  3.0200899  0.10550725  60.761450 353.124167  10.065445  10.4
1417 Walinskia                       300.029801  2.9742113  0.07450492 160.929137  96.473732   8.269243  10.8
1418 Fayeta                          116.475010  2.2413509  0.20332583 323.778283 355.335494   7.196115  12.1
1419 Danzig                          226.660835  2.2923864  0.14777373 232.136749 213.806667   5.721906  11.3
1420 Radcliffe                       262.557749  2.7486253  0.07530851  72.928543 261.331001   3.484582  11.5
1421 Esperanto                       139.078279  3.1032659  0.07233044 163.772953  43.000799   9.790144  10.3
1422 Stromgrenia                     102.469538  2.2475281  0.16723555 170.561768 201.791725   2.674477  13.4
1423 Jose                            266.032741  2.8583583  0.08196753 320.868533  58.722706   2.913154  10.5
1424 Sundmania                        62.670964  3.1829476  0.07024049 302.441958  43.209743   9.204468   9.5
1425 Tuorla                          207.388685  2.6130242  0.10085965 340.348040 186.099540  12.968359  11.3
1426 Riviera                         247.464585  2.5791372  0.16432922 274.763585 335.288746   9.050823  10.8
1427 Ruvuma                           93.747623  2.7482422  0.21319921 241.389128  78.804256   9.341892  10.7
1428 Mombasa                         281.883125  2.8087581  0.14116617 252.011298 116.035255  17.309194  10.9
1429 Pemba                           316.855909  2.5512978  0.33909204 297.683404  47.867929   7.742766  12.5
1430 Somalia                         300.334835  2.5613726  0.19596103 351.694227 327.719213   3.290048  12.8
1431 Luanda                          107.636736  2.6183855  0.18361815 222.587124 118.026197  14.031479  11.5
1432 Ethiopia                        189.203920  2.3823075  0.22654099 218.283032 123.531397   8.270594  11.7
1433 Geramtina                       344.616540  2.7973590  0.16839167  93.453523 321.925131   8.249288  11.4
1434 Margot                          219.452944  3.0186147  0.06483911 139.621136 152.883880  10.808403  10.4
1435 Garlena                          97.010619  2.6460003  0.24938682 267.246803 189.847071   4.035788  12.8
1436 Salonta                         171.055058  3.1431688  0.07190041  29.934037 260.940221  13.877756  10.3
1437 Diomedes                        353.168846  5.1335512  0.04486869 127.484754 315.826360  20.553837   8.3
1438 Wendeline                       250.475874  3.1652128  0.23289697 131.162064 238.533602   2.034318  11.4
1439 Vogtia                          126.839373  3.9917873  0.11317267 106.891829  36.025873   4.202123  10.5
1440 Rostia                          299.531979  3.1444899  0.20290001 350.887927  47.061474   2.289607  11.8
1441 Bolyai                          112.093439  2.6328680  0.23609999 115.125909 254.528202  13.919819  13.1
1442 Corvina                         261.458364  2.8742472  0.07759009 128.620644 221.251705   1.252137  11.6
1443 Ruppina                         136.914136  2.9379702  0.06071273 157.928600 175.216226   1.920612  11.4
1444 Pannonia                        148.472556  3.1502038  0.13927845 313.272887 303.451806  17.756951   9.1
1445 Konkolya                        109.351276  3.1183654  0.18233631 268.454430  89.624694   2.283569  11.9
1446 Sillanpaa                       267.178897  2.2454053  0.10191871 195.749166  17.711389   5.262449  12.7
1447 Utra                             16.026181  2.5350651  0.03990103  64.284693  35.834482   4.791653  11.3
1448 Lindbladia                      201.347662  2.3729589  0.18612292  73.631935  45.231648   5.817786  12.6
1449 Virtanen                          7.351801  2.2223786  0.14130969 131.504653 110.966900   6.637567  12.4
1450 Raimonda                        157.498984  2.6117988  0.16994615  13.378043  75.019780   4.863567  11.9
1451 Grano                           111.427387  2.2043147  0.11713082  51.687773 175.446342   5.107036  12.6
1452 Hunnia                           16.950424  3.1159834  0.19856958  95.640950  21.510085  14.193259  12.0
1453 Fennia                          312.688892  1.8970310  0.02799377 254.363659   7.194594  23.678744  12.7
1454 Kalevala                         72.300306  2.3639016  0.14481858 134.918805 352.738740   5.103595  12.8
1455 Mitchella                        72.821095  2.2471937  0.12410899 100.217866 128.530152   7.752403  12.8
1456 Saldanha                        201.321366  3.2154366  0.20742728  58.984758 283.960908  10.588855  10.9
1457 Ankara                          350.270174  2.6944308  0.15822007 295.296070 296.716190   6.077696  10.6
1458 Mineura                         157.611262  2.6247430  0.18327010 100.231946 181.846112  12.515642  11.5
1459 Magnya                          320.999132  3.1391565  0.23773837 329.909340  41.700798  16.950603   9.9
1460 Haltia                          344.102594  2.5418730  0.18819448 358.024694  74.446753   6.693444  13.1
1461 Jean-Jacques                     21.780897  3.1267338  0.03969256 329.523915 105.094725  15.314735  10.0
1462 Zamenhof                        207.694432  3.1461598  0.10704127 191.438626  24.925972   0.972024  10.8
1463 Nordenmarkia                     25.241160  3.1526586  0.19108722  72.746585 331.034754   7.319148  10.6
1464 Armisticia                       13.417020  3.0034983  0.05162561  59.090588  87.146026  11.563861  11.0
1465 Autonoma                        120.957022  3.0432709  0.16977269  51.294386 167.247030   9.921743  11.6
1466 Mundleria                       164.426934  2.3761960  0.15862928  74.963487 155.187093  13.130742  11.9
1467 Mashona                         226.301420  3.3722382  0.14129122 347.162913 326.865675  22.062867   8.6
1468 Zomba                           135.417628  2.1960267  0.27052100  22.715119 309.136653   9.944425  13.6
1469 Linzia                          233.470995  3.1195831  0.07002028 215.926027 189.250517  13.407235   9.6
1470 Carla                           252.322311  3.1621090  0.05482624 338.076529 359.421727   3.218604  11.0
1471 Tornio                           87.091550  2.7170084  0.11790015  93.842639 322.199983  13.622773  10.7
1472 Muonio                          341.556817  2.2343735  0.19889594 318.531041  45.368569   4.569364  12.7
1473 Ounas                           197.963994  2.5764280  0.23476152 129.256778 216.850964  13.659307  11.8
1474 Beira                           294.097231  2.7340001  0.48924006  83.407908 324.112814  26.726213  12.7
1475 Yalta                           133.376893  2.3497265  0.16741938 201.133863 200.295225   4.498332  12.8
1476 Cox                             358.108663  2.2810839  0.19014635 349.580027 330.761498   6.328299  12.9
1477 Bonsdorffia                     300.600850  3.1846716  0.28752111 102.706799 321.120484  15.729634  11.6
1478 Vihuri                          236.939576  2.4681010  0.09039306 159.482610 318.754996   7.849644  12.6
1479 Inkeri                          314.236601  2.6747403  0.19284610  80.095410  18.219316   7.306646  11.4
1480 Aunus                           193.018857  2.2027397  0.10908525  64.531648  63.826316   4.862834  13.1
1481 Tubingia                         39.234062  3.0204894  0.04956083 319.743219 354.099513   3.524247  10.3
1482 Sebastiana                       20.301834  2.8729442  0.03605139 218.070508  71.285548   2.974025  11.0
1483 Hakoila                         174.612568  2.7215018  0.17843150  87.258288  72.251490   4.488315  11.5
1484 Postrema                        111.989097  2.7410746  0.20446325 125.741738  73.222567  17.245694  12.1
1485 Isa                             127.195299  3.0261151  0.11334335  41.953131 298.103544   8.949007  11.4
1486 Marilyn                         137.642701  2.1983072  0.12429525 347.787648 335.025765   0.078720  13.0
1487 Boda                            136.670291  3.1607319  0.10570471 105.271698  97.556918   2.466350  10.6
1488 Aura                             87.936811  3.0369079  0.12313267 114.717366 354.793774  10.549162  10.8
1489 Attila                          168.830326  3.2253605  0.13263335  15.835139 155.153591   2.419020  11.1
1490 Limpopo                           7.253972  2.3529794  0.15492700  90.177077 254.548696  10.030653  12.0
1491 Balduinus                       237.594103  3.2257141  0.15483768 151.180375 314.631097   3.739816  12.2
1492 Oppolzer                        269.320482  2.1728835  0.11704186  81.044050 137.951685   6.054362  12.8
1493 Sigrid                          296.044346  2.4285914  0.20327557   1.278378 330.913349   2.592749  12.0
1494 Savo                            145.738905  2.1904963  0.13085315 184.243073 195.182889   2.451362  12.7
1495 Helsinki                         45.830092  2.6414004  0.15260772 268.870763  13.343780  12.757282  11.6
1496 Turku                           145.197924  2.2053271  0.16234416   0.206332 294.650323   2.503144  12.9
1497 Tampere                          85.901960  2.8931084  0.08223205  25.546544 300.991964   1.063187  11.9
1498 Lahti                           339.753301  3.0927934  0.24648982  97.202792 265.479168  12.659377  11.7
1499 Pori                            300.316705  2.6711610  0.18286480  74.241273 239.948283  12.195241  11.2
1500 Jyvaskyla                       278.811413  2.2420914  0.19027867  16.811572  20.101745   7.441239  13.1