6001 Thales                          232.281420  2.8559179  0.05123742 177.619304 129.830828   3.000030  12.6
6002 1988 RO                         287.496727  5.2017569  0.09281456 157.290804 209.840095  15.572181  10.2
6003 1988 VO1                        338.107064  2.3440614  0.11984804  71.781017 226.351131   5.710289  12.9
6004 1988 XY1                        247.643653  2.2730408  0.04990118 170.768036 307.928569   2.831980  13.8
6005 1989 BD                          42.498727  2.7012385  0.15006637 107.768671  25.705447   7.635278  12.3
6006 Anaximandros                    181.900909  2.8380703  0.07717753   9.398137 339.700282   1.421213  12.3
6007 1990 BE2                        106.172313  2.4073530  0.19496536 105.962606   4.116825   4.380405  13.8
6008 1990 BF2                        209.126580  2.2182111  0.03941977  40.464703  78.667475   4.155743  13.5
6009 1990 FQ1                        347.983758  2.4380310  0.15004849  78.821396 213.419299  22.688177  12.3
6010 Lyzenga                         292.016305  2.5721012  0.18010935 138.039452 229.045163  12.752902  12.9
6011 Tozzi                           288.810265  2.7188194  0.14859901 115.288279 196.244450   2.491486  13.0
6012 1990 SK4                        300.675020  2.6355640  0.34013709 251.587227  62.920950  18.281413  13.2
6013 1991 OZ                          40.426330  2.3721468  0.14913779 330.373045 254.972619   4.208453  13.6
6014 1991 PO10                       335.011880  2.3504497  0.14591531 130.005101 199.818753   6.415568  13.2
6015 1991 PR10                       338.155109  2.4375655  0.14068423  90.558479 190.406698   7.298720  13.5
6016 1991 PA11                       328.186015  2.3324441  0.21420509 163.483841 189.555086   5.885041  13.3
6017 1991 PY11                        70.075710  2.2995120  0.13578858  25.202265 214.958323   4.698978  13.3
6018 1991 PS16                       101.254620  2.2734316  0.12682511  92.613974 138.849090   6.146655  13.2
6019 1991 RO6                        321.828930  3.0068751  0.03958762 194.407572 290.290758   8.586281  11.3
6020 Miyamoto                         34.604062  2.2968625  0.09573679 290.501128  19.298965   5.015632  13.7
6021 1991 TM                         355.210149  2.4155572  0.13200401 150.368982 140.584617   6.809449  13.2
6022 Jyuro                           218.664005  2.2357305  0.05694920   2.656342  74.599433   4.625636  13.9
6023 Tsuyashima                      192.307358  2.3567624  0.14699981 292.529623 124.779739   7.092265  12.9
6024 1992 UT4                        202.786618  2.3849087  0.08714562 356.177795  41.246343   9.171882  12.4
6025 1992 YA3                         40.843848  3.0242130  0.06385203 163.158907 280.562608   9.003506  11.2
6026 Xenophanes                      349.266644  2.8390304  0.06651246 358.362748 203.495920   3.206648  12.6
6027 1993 SS2                        242.359376  2.2026906  0.15553255 168.758269 106.663172   5.645625  12.9
6028 1994 ER1                        326.625779  2.5711556  0.17399634 307.537425 301.474494   6.724949  12.4
6029 Edithrand                       291.996773  1.9270241  0.07582873  43.166060 106.895592  24.268476  14.1
6030 1981 EG36                       186.587717  3.1568789  0.04989932 203.303060 172.618466   5.293244  12.5
6031 Ryokan                          324.604271  3.0156724  0.02891475 130.600150  84.645837  10.881693  11.6
6032 Nobel                           345.865856  2.4184475  0.26489191 131.452754 188.398110   7.527735  13.9
6033 1984 SQ4                        226.006004  3.1750010  0.12745991  71.501833 217.150837  16.275566  12.2
6034 1987 JA                         163.973624  2.3369022  0.17069822  69.606659  29.475558   3.531964  14.4
6035 1987 OR                          76.296912  2.3151562  0.21846121  82.271507 171.769082  23.975038  13.6
6036 Weinberg                        262.214715  2.7565251  0.19892798 150.953153 189.782424  13.860552  12.2
6037 1988 EG                         125.752822  1.2702073  0.49924578 241.681194 182.828944   3.493586  18.7
6038 1989 EQ                         335.342432  3.0554287  0.18324750 121.463470 314.281297   8.262408  12.2
6039 Parmenides                      138.796982  3.4092324  0.06604524 170.083351 186.480314  13.152008  11.3
6040 1990 DK3                         65.693022  2.4035448  0.14695526  18.946771 164.896859   2.427826  14.5
6041 1990 KL                          15.533437  2.4435524  0.32878366 102.437283 199.735381   9.880298  14.2
6042 1990 WW2                        174.805326  3.0526091  0.45255018 286.281749  88.877989  15.856635  12.3
6043 1991 RK2                        302.905727  2.3652426  0.14258160 216.763125 146.245257   6.890144  13.5
6044 1991 RW4                        215.237719  2.7757599  0.15402615 307.364775   1.643811   8.885048  14.0
6045 1991 RG9                         83.114592  2.2163676  0.13886599  86.068132 202.814812   3.089902  13.3
6046 1991 RF14                        34.046085  2.3001646  0.14655194  93.234685 200.801681   6.930538  13.8
6047 1991 TB1                        247.270607  1.4538724  0.35196368 103.617532   6.229918  23.470886  17.0
6048 1991 UC1                        114.655202  2.5979455  0.01539598 313.492445 187.737095   7.089289  12.6
6049 1991 VP                          11.149463  2.3921570  0.13558252 136.270906 175.068233   2.440446  13.2
6050 1992 AE                          19.255712  2.2023406  0.43676914 284.539001  88.537097   6.400629  15.4
6051 Anaximenes                      296.441238  3.1691333  0.15864204 111.379971 134.193454  18.105540  12.1
6052 Junichi                          95.444987  3.2504321  0.03897896 279.302370 169.999820  21.732742  11.0
6053 1993 BW3                        314.803776  2.1464844  0.52928297  74.552639 318.670815  21.603804  15.1
6054 Ghiberti                         72.365348  2.4107596  0.10432779  54.549903 262.309382   2.168758  14.2
6055 Brunelleschi                    242.226806  2.1787111  0.12760550 358.129600 284.433495   1.759213  14.9
6056 Donatello                       359.634241  2.7108939  0.22523185  10.068673 224.484453   3.178330  13.2
6057 Robbia                          176.095773  3.3199681  0.10412201 181.391358 171.173362  17.870939  11.1
6058 1978 VL5                         49.788885  2.2294494  0.17056834  53.101818 265.946491   4.597105  13.5
6059 1979 TA                         340.984828  2.4355749  0.21819031  51.858589 302.627517   2.357549  14.5
6060 1980 DX                         341.371343  2.6141292  0.08986045 144.910887 156.038060   9.892408  13.0
6061 1981 SQ2                        320.364358  2.2755182  0.16055118 322.054247  20.912281   3.996216  13.2
6062 Vespa                           206.340151  3.2076377  0.16560963 156.226016 116.961708   2.796723  12.3
6063 Jason                           112.620078  2.2168079  0.76410864 336.568275 169.904219   4.850857  15.3
6064 1987 HE1                        111.388460  2.2076665  0.15964361 106.054901 158.990948   5.364011  13.7
6065 1987 OC                          11.963307  2.3422205  0.20900035  47.632493 271.885799  23.857272  13.0
6066 Hendricks                       351.153301  2.3742189  0.28203199 224.176025 126.300834   6.234063  14.0
6067 1990 QR11                       170.968280  3.1610836  0.06012092  66.734183 233.649214  10.437502  11.7
6068 Brandenburg                     110.271385  3.0381798  0.07913617 223.368238 219.102310   9.040242  12.5
6069 Cevolani                        192.692522  2.2476880  0.04080148 329.950247 192.696982   4.029462  14.1
6070 Rheinland                       333.660981  2.3882202  0.21020192 292.438660  84.129889   3.132802  13.6
6071 1992 AS1                        213.336398  2.7070259  0.11069149 277.038931 152.817385  11.730151  11.8
6072 Hooghoudt                       213.368871  3.1531810  0.02677321 101.830340 189.345752   9.124387  12.0
6073 1939 UB                         229.051955  2.6217330  0.13000984 269.429439 212.312902  12.187419  12.1
6074 1968 QE                          25.613113  2.3911665  0.21666012  68.906759 267.820840   1.576137  13.6
6075 Zajtsev                         257.067539  3.1506292  0.12915517 144.062601 167.260731   1.332381  12.5
6076 Plavec                           47.313296  2.6376687  0.17696513  81.237321 143.392727   8.155507  12.8
6077 1980 TM                         318.636308  2.7902205  0.11107072 322.324805  24.003392   4.306694  12.6
6078 Burt                            282.048555  2.8035391  0.17386986 138.420756 228.932782   8.353050  13.3
6079 1981 DG3                        335.111327  3.2005420  0.08856161 258.083247 328.462193  15.160264  11.3
6080 1981 EY26                       322.954210  3.1819585  0.09605527 266.945993 340.880230   5.229398  12.8
6081 1981 EE35                       355.678699  2.4883129  0.19288463 170.099961 165.701228   7.328969  15.4
6082 1982 UH8                          6.550783  2.5470239  0.11296906  37.552369 285.991716   5.403066  12.8
6083 1984 SQ2                         28.000538  2.2402079  0.17787337 341.843422  32.408209   5.660867  14.4
6084 1985 CT                           2.581891  2.3129224  0.23559646 258.342745 147.458303  22.999302  12.8
6085 1987 SN3                         29.993634  2.3070645  0.13813262 144.998703 201.792139   6.642416  13.9
6086 1987 VU                         144.307773  2.7230042  0.16699047 323.587464  65.552584   8.941404  12.4
6087 1988 FK                         277.244994  1.9298678  0.07642540  53.667280 152.668746  22.618082  14.6
6088 1988 UH                         158.926117  3.1071127  0.10907697 327.808575 203.189203   3.700849  12.5
6089 Izumi                            43.481662  2.1823647  0.12739800 264.686029 124.152077   4.790050  14.1
6090 1989 DJ                          16.734631  5.3028905  0.05839560  72.653432 328.513151  20.192560   9.4
6091 Mitsuru                          85.504070  2.2086936  0.22350253 319.185211 337.417085   8.387090  13.3
6092 1990 MN                          39.638058  2.3682056  0.25046746 200.356200 132.541045   9.501243  13.9
6093 Makoto                          343.201590  2.4802932  0.13575006 191.551205 167.843579   6.234985  13.2
6094 1990 VQ1                         22.162331  2.6394221  0.13697801  56.889384 222.955224  12.125033  12.5
6095 1991 UU                          80.592375  2.2343698  0.19274568  62.086257 231.707702   5.156600  13.7
6096 1991 UB2                         88.603193  2.3348668  0.10028732  22.964933 233.922624   6.223764  13.7
6097 Koishikawa                      320.045161  2.3081047  0.09328560 204.370240 205.116759   6.133143  12.9
6098 1991 UW3                         26.219716  2.2256337  0.23538740  56.201653 313.809733   4.973874  13.9
6099 Saarland                         10.517499  2.2973509  0.23076719 102.039210 255.067261   5.606432  14.3
6100 1991 VK4                        350.570140  2.3301071  0.13490913  68.627979 304.159823   3.399434  12.9
6101 1993 EG                         151.809278  2.2486860  0.12288207  48.507947 196.000386   4.615746  13.6
6102 1993 FQ25                       351.892884  2.6003106  0.16224668 358.758727 311.453285   1.761171  13.9
6103 1993 HV                         220.623675  3.4024488  0.21527067 145.365720 183.509141  14.123206  11.8
6104 Takao                           332.341390  2.7050136  0.09252426  24.131748 285.408182   2.414043  12.6
6105 Verrocchio                      320.756703  2.6328396  0.20085111 152.263541 184.201166  11.655782  14.2
6106 Stoss                           262.903251  3.1783464  0.15191747 202.013706 125.308576   2.540764  12.5
6107 Osterbrock                      229.868569  1.8653174  0.08301679  85.709213 111.145954  26.217625  14.3
6108 1971 QN                         100.164496  2.1933872  0.20311036  56.412821 263.538879   2.884034  14.0
6109 1975 QC                         110.325977  2.3480910  0.13758024 171.179754 166.323993   6.835971  13.7
6110 1978 NQ1                        109.734392  2.1696891  0.22624568 345.297630 282.018189   3.948187  14.3
6111 1979 SP13                       288.903076  2.4515349  0.19952542 310.440815  96.088412   4.016112  12.9
6112 1981 DB1                        269.808054  3.1129880  0.25381093 127.848633 210.214060  14.252751  12.7
6113 1982 SX5                        269.962671  2.6558679  0.19547746 351.410765 317.525888   2.175020  12.6
6114 1984 HS1                         32.525427  2.2304821  0.12822825  67.520534 219.901157   1.548234  14.0
6115 Martinduncan                     37.322386  2.2256783  0.15488965  66.377176 316.400767   4.893829  14.1
6116 Still                           234.787828  2.9825041  0.10015048 137.035667 255.397348   0.830852  12.8
6117 1985 CZ1                        317.316206  2.3430077  0.06606887 143.778174 305.728673   6.119549  13.2
6118 1986 QX3                         58.771733  2.4777318  0.15696143 163.507483 115.780011   3.567207  13.8
6119 1986 XH                         252.852014  2.6161291  0.12024467 182.984200 267.142957  11.632520  13.2
6120 Anhalt                            0.379561  2.3552485  0.22137918 152.787341 192.195912   3.025487  14.4
6121 1987 RU3                         60.436689  2.2612492  0.18769380 139.911905 224.611458   3.249892  13.4
6122 Henrard                         358.067216  2.3345710  0.15807465 163.101105 215.434780  10.526060  13.8
6123 Aristoteles                      19.376140  2.3306521  0.06369424 181.507944 173.101646   9.488770  13.7
6124 Mecklenburg                     108.063186  3.9738144  0.24386048 244.823524 160.152738   9.388987  12.2
6125 1989 CN                          69.545607  2.2227206  0.13551224 209.706711 150.372952   1.306488  13.7
6126 1989 EW1                         19.077657  2.2161515  0.12146867  34.913636  23.256632   2.862075  13.1
6127 1989 HD                          43.516233  2.6064084  0.14685004 116.044316 143.747158  13.848850  12.9
6128 1989 LA                          23.603603  2.6495299  0.18276935 144.570756 128.233073   4.173809  13.0
6129 Demokritos                       63.955910  2.7965361  0.16517729 293.202715 294.920384   6.513850  12.3
6130 1989 SL5                        256.325326  2.9901442  0.53659167 189.616008 139.468553  23.661018  16.3
6131 Towen                           301.010334  2.4240654  0.12663405 278.529833 149.060351   6.179893  14.0
6132 Danielson                        60.187108  2.4674304  0.16253527 296.721592 338.803688   2.966584  13.6
6133 1990 RC3                         54.181519  2.4748636  0.17950306  67.546905 217.443903   2.582736  13.3
6134 1990 RA5                         30.150843  2.5586323  0.14679275  90.455531 183.912037  13.102735  13.3
6135 Billowen                        146.028936  2.4323916  0.12310971 271.200386 291.735932  11.335234  12.7
6136 1990 YH                         166.950834  3.0198938  0.06711456 320.902937 136.437147  11.187906  11.3
6137 1991 BY                         172.026116  3.2152324  0.06030512  96.351622 337.474847  15.414921  11.0
6138 1991 JH1                        358.775204  2.3455686  0.19044078  83.510414 147.900053   2.666272  13.8
6139 1992 AD1                        122.884663  2.6623560  0.15119489 280.077101 270.841072  12.389936  12.0
6140 1992 AT1                         36.349448  2.3318397  0.14284019 243.073869 117.601744   5.620310  13.3
6141 1992 YC3                        121.215195  1.8179727  0.14303456 145.657289 284.924291  16.454061  14.5
6142 1993 FP                          97.468309  2.4617878  0.13488369  44.493697 187.637531   2.932250  13.0
6143 Pythagoras                      296.725831  2.8553739  0.06955871 342.445205 355.384081   1.573610  12.6
6144 1994 EQ3                        140.296217  4.6909342  0.36676436  97.303593 120.179236   5.727477  11.5
6145 Riemenschneider                 332.340250  2.4259020  0.19099254  12.031578  33.837067   3.113291  14.5
6146 Adamkrafft                       55.185773  2.3135980  0.26512757 252.553377  43.280302   3.410655  13.0
6147 Straub                           10.543971  2.6064914  0.21844643  89.654857 233.932721  12.116854  12.8
6148 Ignazgunther                    315.705809  2.2769088  0.23324697 282.230734 181.936558  22.688768  13.6
6149 1979 SS                          36.198062  2.3873074  0.17341375  17.487733 335.179695   6.360517  14.1
6150 Neukum                          221.119147  3.1528565  0.13857141  70.545668 326.731623   3.683457  12.2
6151 Viget                           355.695888  2.2594112  0.08835253  65.059482  41.727108   7.245013  13.6
6152 Empedocles                       47.277826  2.5713724  0.19886723 257.493389   5.837179   5.651661  12.7
6153 Hershey                         183.062543  2.8420646  0.27994578 192.767389 198.908844  17.387744  11.5
6154 Stevesynnott                     68.776141  2.4227903  0.18383529 323.388591 324.727140   2.304800  13.8
6155 1990 VY2                         16.105103  2.5280035  0.18049717 339.341608   4.191681   4.097280  12.5
6156 Dall                            185.367274  2.9909118  0.07424321 157.625366 299.315641   9.424546  12.0
6157 1991 RX2                        155.343826  2.4250038  0.08615614 222.865754 280.523836   3.974205  13.9
6158 1991 VB3                        342.874095  2.1896071  0.06971945 210.434875 249.778986   5.534400  13.3
6159 1991 YH                         344.927018  2.2910930  0.06106905  56.690234  30.439206   6.865930  12.8
6160 1993 JF                          97.744392  2.3029404  0.18810723  58.598433 247.108609   4.822428  13.2
6161 1971 TY2                        226.336890  2.7885139  0.22904099 181.051725 280.692684   8.958580  12.5
6162 1973 SR6                        324.316566  2.5868526  0.17969532  27.240846  23.868151  13.252273  13.2
6163 1977 FT                         165.912254  1.9273328  0.10247904 146.181350 214.617494  20.303862  14.5
6164 1977 RF2                         91.488559  2.2449455  0.19352763 318.585699 353.075190   4.825802  14.0
6165 1978 PD3                        147.699061  2.3578924  0.11958224  45.066799 327.213255   6.209645  14.3
6166 1978 SP4                        223.947081  2.9957269  0.08517831  77.917403  18.542537  10.862058  12.1
6167 1979 QB10                        44.802306  2.3975834  0.20147313 340.830868 347.556091   1.637216  14.0
6168 1981 EB1                        350.203924  3.1589842  0.07701197  87.057902 134.270663   2.555743  12.9
6169 1981 EX4                        284.345598  3.0998539  0.13308355 117.348950 208.020150  20.048497  12.6
6170 Levasseur                       324.082555  2.3530545  0.31715059 103.628816  12.012114  22.590874  13.7
6171 1981 UT                          15.740736  2.2157173  0.09949191  42.677565 353.340197   3.042510  13.8
6172 Prokofeana                      278.163996  2.5763797  0.43204972 193.397951 218.726283  15.815426  15.3
6173 Jimwestphal                     253.571265  2.5628498  0.12237492  65.561442  72.811572  10.005844  12.6
6174 Polybius                        303.085589  3.0574127  0.21574236 302.175837  21.948651  14.701999  11.9
6175 1983 XW                         222.089188  3.1906216  0.20680329   9.927485  35.234049   0.407799  12.6
6176 1985 BH                          85.062983  2.2525925  0.15445889 261.739950 111.709898   5.662495  13.1
6177 1986 CE2                        295.208581  2.2029144  0.07562553 139.904329   1.279551   5.686810  13.7
6178 1986 DA                         211.716256  2.8159354  0.58404673 126.960033  64.885034   4.299895  15.1
6179 1986 EN                          61.171094  2.4286596  0.21367657  49.645225 155.647912  23.335343  13.7
6180 1986 PX4                         26.420246  2.4431129  0.21331825 313.035627  28.724421   1.158089  13.5
6181 1986 RW                           9.712999  2.4299347  0.23849567  93.604249 303.804880   7.570902  13.3
6182 1987 SC4                         70.839956  2.2536145  0.23083731  72.491691 284.608060   4.764340  14.3
6183 Viscome                           9.585617  2.3057816  0.28982325 115.855889 274.949176  19.656959  14.0
6184 1987 UQ3                         46.146834  2.3209304  0.12362419 257.589435  82.012134   6.299305  13.4
6185 1987 YD                         333.670953  2.3412882  0.17052353  43.125136  63.494304   8.764284  13.2
6186 Zenon                             3.611872  2.3789756  0.18450836  86.230484 315.634500   4.207943  13.5
6187 1988 RD5                        242.569941  3.1350541  0.17761509 329.913790  53.205408   1.939445  12.5
6188 1988 SW2                        273.983997  3.1700480  0.17209141 287.635770  55.821874   2.165995  12.6
6189 Volk                             71.884228  2.3040231  0.13520557  68.009605 245.553978   5.944157  13.5
6190 1989 TJ1                        299.813079  2.8122797  0.09214037  70.152332 313.038084   1.684167  12.9
6191 Eades                           286.529982  2.9934944  0.12309946 288.030925  61.970543  10.207210  12.6
6192 1990 KB1                         94.846810  2.2917702  0.26619391 168.453215 122.427738  10.318053  12.7
6193 1990 QC1                         98.414214  2.3988885  0.21724228 304.000777 307.526865   8.572736  12.5
6194 1990 TN                         329.690853  2.3787429  0.09628693  64.720579  38.463246   9.471989  12.7
6195 1990 VL2                        313.978255  2.5128817  0.11447054 306.676503 130.981899   3.367376  13.6
6196 1991 UO4                         97.769428  2.1987236  0.09470793 322.157623 336.959328   6.200803  13.5
6197 1992 AB1                        305.523403  2.3266561  0.06784160 214.591363 252.284982   5.852265  13.2
6198 1992 AF1                        351.920059  2.2670178  0.10889623  64.281450  25.761226   4.607009  13.2
6199 1992 BK1                        210.962017  2.5947770  0.12149137 173.501510 309.090302  12.149080  12.0
6200 Hachinohe                        49.269566  2.2509759  0.19428125 307.902831  53.948821   8.624086  13.6
6201 1993 HY                          41.684438  2.5851949  0.17058680 178.574481  98.594348   5.008966  13.1
6202 Georgemiley                      20.618292  2.3240801  0.21816867 118.525818 285.783894   1.554840  14.9
6203 1981 EC23                       293.358019  3.1505177  0.04698149  44.916498 236.542515   0.944109  13.1
6204 MacKenzie                        83.277523  2.1986090  0.11479709 188.235098  54.329435   5.156083  14.5
6205 1983 OD                          20.549731  2.3642649  0.23184921 215.256388 132.010501  13.804277  13.7
6206 1985 TB1                        187.093436  2.8287686  0.04290827 203.139260 238.378343   1.097257  12.9
6207 1988 BV                          16.345870  2.3323993  0.19736346 350.692022  86.016159   2.973732  13.8
6208 1988 XT                         253.303302  2.2538085  0.09470970 242.192056 250.166880   0.855896  13.9
6209 Schwaben                        305.180059  2.4069927  0.13619501 202.385528 282.029466   1.417395  13.8
6210 1991 AX1                        182.584879  2.8624365  0.02086018  11.772818 126.144408   3.016916  12.1
6211 1991 DO                         157.956712  2.7557651  0.09437309 247.366370 336.275887   8.545041  12.7
6212 1993 MS1                        176.685964  2.4748340  0.13385343 350.494839 228.979121  11.338881  12.4
6213 Zwiers                          295.527291  2.2736514  0.14767261 173.410040 283.867415   1.341098  14.6
6214 1971 SN2                        275.477275  3.1677464  0.17579773 262.489974  82.988253   2.367630  11.9
6215 1973 EK                         245.768424  2.6991765  0.06870878 324.300538 197.501276   1.634835  12.9
6216 1975 SJ                         316.284917  2.7559385  0.10064675  27.240699  30.632083   3.778741  12.7
6217 1975 XH                         308.767314  2.4155421  0.20969471  41.595994  94.407835  10.856668  14.0
6218 Mizushima                       261.187998  2.2810969  0.15173502 163.446181 180.689852   5.818964  14.6
6219 1978 PX2                        114.527173  2.3949398  0.19816953  13.682676 344.312573   2.195648  14.6
6220 1978 SN7                        227.707734  3.0214605  0.09324157 208.550114 220.641232   9.866664  12.4
6221 Ducentesima                      81.284515  3.1705395  0.10460734  53.653370 147.299472   1.792045  13.0
6222 1980 PB3                        148.296333  3.2575661  0.12871192 120.226093  55.448420  20.974154  11.3
6223 Dahl                            314.794273  2.7360503  0.12159780  75.717094 294.834348   3.852673  12.6
6224 1981 EK8                        189.985708  2.3643515  0.14121830 353.560857 283.154595   5.378773  15.0
6225 1981 EK12                        96.140371  2.2110026  0.03347564 318.987239 218.724227   5.336501  15.2
6226 1981 EY18                       187.385629  2.2083877  0.13235608 151.278764 279.478111   2.175377  14.8
6227 1981 EQ42                       289.509831  3.2163649  0.16948045  69.984682 205.059580   0.497093  13.1
6228 1982 BA                         259.780258  2.6876427  0.11130251 342.493883 142.538311  14.417079  12.6
6229 1983 VN7                        266.674034  3.0773609  0.18696054 236.429255 146.363628   1.646761  12.8
6230 1984 SG1                        331.313582  2.7837388  0.08464576  94.095199 287.577603   3.272747  13.1
6231 1985 FH                         129.336423  2.4770905  0.13825641  32.100984 162.904015   9.418273  13.4
6232 1985 SJ3                         25.528063  2.2434866  0.14578060 287.008312 333.184900   5.958017  13.7
6233 1986 CG                         255.960181  2.7986054  0.17667466 204.732455 267.400146   6.799300  13.3
6234 1986 SF                         239.975477  2.2620341  0.18235353 280.071797 348.580622   4.012299  13.9
6235 1987 VB                          47.549345  2.2424142  0.14114783 129.138418 283.820148   2.913454  13.1
6236 1988 WF                         285.561795  3.1354685  0.18992652 310.158863  90.054475   1.868494  12.7
6237 1989 CV                         320.009862  3.9525626  0.06754536 218.351944  26.369521   5.396623  11.5
6238 1989 NM                          55.449117  2.5613065  0.16117140 215.774307  99.183538   8.363009  12.5
6239 Minos                           127.614171  1.1514237  0.41275636 239.493289 344.856580   3.938507  17.9
6240 Lucretius Carus                  92.458401  2.2200332  0.05606482  36.841065 121.875916   4.721067  13.6
6241 Galante                         229.806498  2.9993631  0.11295734  52.456172 331.524554   9.138362  12.1
6242 1990 OJ2                         55.073325  2.2558434  0.14386794 328.304815  70.371495   4.482827  13.8
6243 Yoder                           286.339163  2.2005919  0.05192709 236.164203 305.710105   3.875467  13.4
6244 1990 QF                         132.723236  2.1599668  0.15207962  51.248648 331.554449   5.402230  13.6
6245 1990 SO4                        101.260223  2.3017113  0.17820940  51.853960 300.042715   8.016356  12.4
6246 1990 VX2                        338.695992  2.4489431  0.29178697  42.082188  53.220049  24.424851  13.0
6247 1990 WY3                         53.817004  2.3937152  0.05549047 286.794518 105.680056   8.568308  12.6
6248 1991 BM2                        138.698890  3.1053924  0.15790881  89.883306  15.833013   0.527239  13.1
6249 Jennifer                         88.216099  1.9144921  0.14204479 151.273932 221.799750  28.101536  12.4
6250 1991 VX1                         49.482737  1.9326831  0.07140058 298.770677 226.686745  19.778822  13.6
6251 Setsuko                         292.439525  2.2950492  0.07907135  42.181683 126.684982   4.290674  13.4
6252 Montevideo                      298.727684  2.9050737  0.06172898 219.831322 104.450441   3.135409  13.9
6253 1992 FJ                         338.902420  2.2650793  0.09281701 292.735816 217.307174   4.223531  14.1
6254 1993 UM3                         87.975663  3.0121291  0.05781566  63.281569 199.863686   9.343244  11.7
6255 Kuma                            315.669493  2.7406636  0.03378366 194.930194 275.808717   5.117931  12.5
6256 Canova                          284.937028  2.4374803  0.17248621 107.860951 328.591585   4.186801  15.6
6257 Thorvaldsen                     346.673174  2.3404507  0.08938079  21.591000  30.710377   7.924509  13.5
6258 Rodin                           334.562234  2.2597068  0.08269267   5.323421 133.189763   4.053255  13.6
6259 Maillol                         248.666201  2.2764872  0.13768547 149.380233  38.604837   6.710076  13.6
6260 Kelsey                           54.233909  2.6750806  0.17489475   6.837371 325.902177  11.976120  12.0
6261 Chione                          344.143269  2.3571556  0.34742699 292.900035 164.109850  21.826204  14.4
6262 1978 RZ                         352.030166  2.9081472  0.08004847 247.391549 122.231289   3.009043  12.9
6263 1980 PX                         182.857283  2.1879276  0.23804057 176.009700 160.321248   2.220157  14.9
6264 1980 SQ                         112.040068  2.2262164  0.13137584 159.215892 223.703020   4.761676  14.1
6265 1985 TW3                         39.560530  2.1660501  0.19321200 281.040172  45.379633   4.117082  13.5
6266 1986 TB3                        213.562239  2.2727672  0.18117890 124.064231 171.197105   5.170070  13.5
6267 1987 SO9                         62.386609  2.1623345  0.09095794 315.696709 136.817321   2.100989  14.6
6268 Versailles                       28.843755  2.3100074  0.18425903 331.497235 100.166182   1.787987  14.7
6269 1990 UJ                          67.740323  2.3948628  0.13158652 182.900744 158.031042   6.204140  13.5
6270 1991 BD                          84.542225  2.3588445  0.09287180 122.203711 282.962030   5.794285  13.5
6271 Farmer                          216.211335  1.9683609  0.05232099 342.363932 285.971952  23.553383  13.0
6272 1992 EB                         109.517058  2.1852146  0.08187056  71.570035 324.080067   0.904912  13.9
6273 1992 ER31                       299.542544  2.4800063  0.24728860 273.113648 148.296124   1.671421  13.6
6274 1992 FV                         298.620746  2.1498891  0.11612218 158.499258  96.044113   3.933594  13.6
6275 1993 VQ                         159.314127  2.9016379  0.01404288 207.237462  24.709555   2.550008  12.9
6276 1994 AB                          90.503692  2.8739806  0.04904519  23.853615 299.124150   1.436378  13.2
6277 1949 QC1                        300.437412  2.2135230  0.19704399 359.376706 331.808874   6.693636  13.9
6278 1971 TF                           7.948531  2.4354610  0.17790979  35.514226 348.909085   2.105944  13.6
6279 1977 UO5                        254.742372  3.1146221  0.20245932 356.348496  68.579391   2.402972  12.4
6280 Sicardy                          84.283934  2.2227720  0.14418607  49.460374 354.586034   6.561920  13.4
6281 1980 SD                         144.160843  2.5872208  0.17830024 279.929187  19.301313  12.612685  13.0
6282 Edwelda                         348.654113  2.3108463  0.21641456  24.924903  34.239283   2.817156  14.7
6283 1980 VX1                        262.268802  2.7910552  0.20519661  84.443757 359.820900   7.318003  13.3
6284 1981 EM19                        16.329866  2.8556650  0.01094105  35.030272 334.090331   1.247098  13.4
6285 1981 EA26                       357.787992  2.6823627  0.18795055 292.499220 218.743899   1.982436  15.0
6286 1983 EU                         178.242735  2.2478841  0.08499068  10.809536 183.667966   4.167491  13.7
6287 1984 AR                         216.713608  3.1389882  0.13502473  88.273830  25.256550   1.106703  12.5
6288 1984 ER1                        242.088035  3.1934401  0.17894605 296.669751 150.766511   2.298080  12.3
6289 1984 HP1                        175.234146  3.1783850  0.11662117 171.037137  41.842206   2.106531  12.9
6290 1985 CA2                         88.278190  2.2220938  0.09163377 301.166046 125.461526   5.117951  14.1
6291 1985 TM1                         66.285308  2.4806672  0.21616618  31.635955  21.603463  11.534784  13.2
6292 1986 QQ2                         35.306423  2.3385019  0.08903638 285.405359 134.924803   7.591821  13.6
6293 Oberpfalz                        73.192243  2.2555873  0.15880677 267.440561 138.120034   0.936466  15.0
6294 Czerny                          262.205063  2.2807285  0.10463351 306.992979 294.530880   2.576513  13.7
6295 Schmoll                          68.354480  2.3434141  0.19553550  27.909456 333.914383   3.235756  13.6
6296 Cleveland                        82.836046  1.8908916  0.06213517  36.540752 111.614510  27.055483  13.6
6297 1988 VZ1                        182.342509  3.1502216  0.13225789 125.738753  13.513483   0.296816  11.6
6298 1988 XC                         277.472257  3.0901971  0.28353367  58.027500  12.223717   3.859175  13.3
6299 1988 XQ1                        114.877140  2.8641390  0.04210546 208.723755  81.677518   3.219856  12.4
6300 1988 YB                         227.011708  3.2399999  0.14201599  45.288918  70.234971   1.864881  12.5
6301 1989 BR1                        125.706609  3.1706280  0.16242302 245.353777  16.329697   0.496016  11.8
6302 1989 CF                          57.183934  2.6240559  0.10577321  41.439294 128.472725  13.843943  12.5
6303 1989 EL2                        249.396644  2.1887803  0.10326986 223.615980  24.396977   4.497337  13.6
6304 Josephus Flavius                129.357776  2.2421083  0.14249300  90.111280 262.027738   0.952089  14.2
6305 Helgoland                       341.505443  2.2189891  0.10114932 356.025695 130.337858   4.659909  14.5
6306 1989 UL3                        335.262954  2.6739369  0.23206003 352.148621  84.611429  14.567435  12.2
6307 1989 WL7                         51.236242  2.5810066  0.11854103 274.295736 114.595366  15.623940  12.2
6308 1990 BK                         223.484713  3.1482090  0.17441987 347.483493  86.706565   2.679428  12.9
6309 Elsschot                        147.793791  3.0035584  0.05339316 269.044344 334.967780  10.118822  12.1
6310 Jankonke                        160.668510  1.9132248  0.03157744  22.211972  80.629960  23.593678  13.4
6311 Porubcan                         54.596091  2.2896276  0.22427651  69.550260 344.408200   5.178363  13.6
6312 1990 RH4                         75.048294  2.1837998  0.06978458 283.252656 157.374346   4.112566  14.1
6313 1990 RC8                         50.041711  2.1935850  0.06300670 313.529128 135.000652   5.154146  15.1
6314 1990 SQ16                        63.081180  2.2571336  0.12849021 300.082369  95.945463   5.217647  13.3
6315 1990 TS                          88.943660  2.2454609  0.17065124  51.438965   3.550469   4.686162  13.5
6316 1990 TL6                        154.296834  2.1697051  0.17533315  50.163353 306.704492   3.703124  14.2
6317 Dreyfus                         320.063890  2.2421891  0.05896550  93.977022  94.220545   5.835546  13.9
6318 Cronkite                        326.382345  2.5104822  0.46486777  12.042221  71.291469  25.950563  15.8
6319 Beregovoj                       297.726413  2.2663363  0.08405311  11.225094 195.570085   4.086004  13.9
6320 Bremen                          137.281224  2.4399962  0.17413167 347.402254 317.455614   2.322095  13.2
6321 1991 BV                         309.223009  2.6125017  0.13430149 308.210960 143.722856  12.985401  12.1
6322 1991 CQ                         312.895036  2.5175934  0.47285616 296.747797 174.366934  28.195619  16.3
6323 1991 CY1                        269.466284  2.6351375  0.13464895 133.697314  11.163395   5.207137  13.1
6324 1991 DN1                        293.694276  2.5786564  0.15216605  80.460898  71.478415   2.309087  12.8
6325 1991 EA1                        201.880364  2.7349047  0.20287818 160.767840  40.208500  10.018892  12.2
6326 1991 FJ1                        291.266236  2.6816683  0.12981712 281.720632 199.745021  12.574787  12.2
6327 1991 GP1                        181.161286  2.7595674  0.22567892 104.428877 134.735178  14.440661  11.9
6328 1991 NL1                        132.726573  3.1653981  0.09466589 187.141646  72.892107   2.163334  11.9
6329 1992 EU1                        335.661299  2.2440614  0.13317805  56.749810 110.092073   7.087208  13.3
6330 1992 FN                         329.126520  2.2131256  0.12055758 354.109003 188.982544   1.413343  14.3
6331 1992 FZ1                        144.032363  2.3583363  0.13291849 189.257127 129.711656   7.753796  12.8
6332 Vorarlberg                      152.357122  2.4483304  0.15746473 226.535713  53.172793   1.848526  12.9
6333 Helenejacq                        8.228849  2.1753040  0.05229086  83.092488 109.461302   3.050694  13.9
6334 Robleonard                      329.265999  2.4073197  0.03816810  64.770134  70.937177   3.320610  13.1
6335 1992 NR                         192.992099  2.6370281  0.14837626  98.452163 143.601704  13.931040  12.9
6336 1992 UU                         175.464352  2.4731189  0.09747502 358.996356  24.485845   9.522942  13.5
6337 1992 UC4                        316.203199  3.0900346  0.13085452 352.595523 121.146349   3.876940  12.5
6338 Isaosato                        101.077271  3.1625142  0.09437230 215.449397  75.128234  15.327515  11.8
6339 Giliberti                       109.662438  2.3741963  0.20958967  24.815975 347.460104   4.772092  13.9
6340 Kathmandu                       207.432487  3.2374247  0.14990864  59.147734  79.332652   2.303589  12.0
6341 1993 UN3                        290.924023  3.0095781  0.09702084 218.901689 215.925093  10.257808  11.9
6342 1993 VG                         351.722686  2.9149448  0.01971998 356.890340  42.886938   2.661404  12.2
6343 1993 VK                         342.184028  3.1680577  0.10458089  30.688891 336.107461   8.672170  11.5
6344 1993 VM                         279.851610  2.2469404  0.11634762  78.529027 184.824196   3.818525  13.4
6345 1994 AX1                        179.110324  3.1402335  0.09060419 134.424510 106.368603   7.304605  11.5
6346 1995 AY                         350.508555  3.1056622  0.13886682 233.768012 120.157299   7.379913  11.7
6347 1995 BM4                        302.236447  2.2707851  0.06124525 217.360991 353.867053   2.162477  13.4
6348 1995 CH1                         41.656567  2.4508880  0.13610397  96.004009 313.319080   4.925201  13.1
6349 1995 CN1                        240.434885  2.6669707  0.13642868 236.140850 328.308015  10.813228  12.0
6350 Schluter                        303.483895  3.1123880  0.11318086  50.608933 336.557383  11.472376  11.6
6351 Neumann                          65.997287  3.2482564  0.01697713 183.160986 174.192167   8.135230  12.0
6352 Schlaun                          37.234080  2.4105477  0.00221499 220.584143 317.804389   3.553110  13.8
6353 Semper                          246.228251  3.0944102  0.16619997  55.242577  32.644651   2.540633  12.1
6354 Vangelis                        332.951300  2.6566542  0.21605754  77.169384  68.656224  24.578462  11.8
6355 1969 TX5                        109.000747  3.2045986  0.07468692 239.189300  24.270093  22.393614  11.3
6356 1976 QR                           9.947449  2.6183198  0.17869528 238.614286 160.919889  14.394236  12.6
6357 1976 SK3                        129.350172  2.9961465  0.08347985 282.760250  14.628552  10.381328  12.2
6358 1977 AL1                        153.343678  2.6152931  0.15871644 252.689706  79.668841  11.172195  12.6
6359 1977 AZ1                        257.895787  3.2194731  0.09917101  26.901665  89.833609  10.777550  11.5
6360 1978 UA7                        273.022152  2.3944635  0.09686596 197.178293  22.782582   7.632127  13.0
6361 1978 VL11                       305.222408  2.4149441  0.16537910 143.095255  75.310378   5.719587  12.2
6362 1979 KO                          11.419894  3.1871486  0.17939145 295.697109 105.682434  19.054360  11.2
6363 Doggett                          15.605814  2.3115267  0.14569604  68.744750  36.162938   5.659451  13.4
6364 1981 ET                         165.272424  2.7478179  0.25096644 318.245338 359.167335   9.651856  12.3
6365 1981 ES29                       205.200289  2.8567099  0.21063949 339.274780 209.111760   8.322159  12.7
6366 1981 UM22                       221.779924  3.1722394  0.05599058  14.636163 153.770757   3.664789  11.7
6367 1982 FY2                        238.924246  2.2079323  0.08746732 265.113399  29.728838   1.706829  13.8
6368 1983 RM3                         76.693487  2.2278589  0.14493157 129.705232 316.857876   6.747152  13.8
6369 1983 UC                          85.108411  2.2934258  0.14291154 351.239099  35.665503   5.995148  14.5
6370 1984 EY                         288.715309  2.3658110  0.07407190 196.008811  31.915945   7.029211  13.3
6371 Heinlein                        200.943318  3.0822578  0.12685555  29.415780 125.695314  15.596765  11.6
6372 1985 JW1                         84.810923  3.2024526  0.14900262 189.729114  64.452258  15.742441  11.1
6373 Stern                           299.259567  2.6543884  0.08732072 182.662126 353.933664  12.670732  12.6
6374 1986 PY4                          2.327169  3.1642404  0.09081467 213.320499 164.170421   9.731231  11.7
6375 Fredharris                       92.486673  3.1634692  0.16976226 259.872869  42.257200   1.605271  12.4
6376 1987 KD1                        227.810406  2.5729174  0.25798405 122.003090 160.270506  16.277446  12.8
6377 1987 ML1                        238.709870  2.6195766  0.16174870 116.140868 125.436611  15.451480  12.6
6378 1987 SE13                       296.389500  3.1624908  0.18675775 304.611675  97.066584   2.865264  12.1
6379 1987 VA1                        228.238102  2.9846280  0.08231341 177.433447  32.070165  13.912840  11.6
6380 1988 CG                         352.352262  2.2670672  0.13701970   7.677803 165.000637   5.369165  14.9
6381 1988 DO1                        315.190976  2.2585189  0.11165475 118.539425 120.525552   6.078360  13.0
6382 1988 EL                          70.641985  1.8243339  0.04701287 191.169602 350.712712  18.561368  13.8
6383 1988 XU1                        127.061377  2.9959534  0.06025082 171.258982  84.711815  11.135459  11.4
6384 Kervin                          277.003423  1.9363688  0.07690894 265.608418  76.969364  26.288773  12.8
6385 1989 EC2                        191.670024  3.1468368  0.11809978 204.502948  23.086913   5.678967  12.5
6386 1989 NK1                        163.476039  2.2718694  0.30097806 267.600870 120.119287   8.734355  12.7
6387 1989 WC                           1.157497  2.6218695  0.15393888 153.970615 280.669647   1.621121  13.1
6388 1989 WL1                         35.937122  2.5911233  0.14525737 173.664011 234.712136  12.556790  12.4
6389 1990 BX                           1.214555  2.7497774  0.06019204 303.166144 123.704700   6.521354  12.5
6390 1990 BG1                        242.861416  2.8824901  0.17595577  79.538781  75.374656   6.072106  12.4
6391 Africano                          0.848030  2.6442105  0.13384202  17.964651  89.880227  14.284895  13.1
6392 1990 HR                          87.940196  3.2103508  0.13731962 250.480471  53.332335  17.637992  11.0
6393 1990 HM1                        227.525729  3.1670881  0.12286142  58.385077  76.770890  10.737068  11.2
6394 1990 QM2                        317.717213  1.9384924  0.09308512 193.527723 161.808924  22.818000  13.4
6395 Hilliard                         10.596100  2.4128572  0.20120482 178.944513 227.998329   1.496830  13.7
6396 Schleswig                       122.012982  2.3931728  0.11648747 249.856490  89.326500   7.286755  13.7
6397 1991 BJ                          85.784463  2.3498621  0.02966544 358.880128  60.203095   4.556486  13.2
6398 Timhunter                       356.592510  2.3424928  0.22481345  66.912100 129.297415  23.883116  12.6
6399 1991 GA                         293.731595  2.4295254  0.11372798 189.912349  38.617964   8.425805  13.0
6400 1991 GQ1                         59.471946  3.0093069  0.16256224 232.092912  87.983115  12.726361  11.2
6401 Roentgen                        225.234765  2.6772192  0.12636152  93.760506 136.523018  13.479911  12.7
6402 Holstein                         42.135612  2.7435637  0.11951354 238.497534 132.022237   4.542892  12.4
6403 Steverin                        235.966238  2.5942174  0.12359174  62.682018 229.072573  14.342592  12.2
6404 Vanavara                        267.202611  3.0643789  0.08823510  45.850329 109.859178   4.271457  12.9
6405 1992 HJ                         275.067684  2.2636219  0.12116836 129.816343 117.592730   4.768386  13.2
6406 1992 MJ                         203.668308  2.2758279  0.17792731 205.259798 146.372687   8.177780  12.5
6407 1992 PF2                        308.693258  2.2663286  0.15255002  49.638356 210.139344   5.081808  15.1
6408 1992 UT5                        168.982340  2.8716197  0.03474342  87.674589 206.470586   1.561629  11.6
6409 1992 VC                         211.504706  2.5858903  0.19236124 249.734813  55.263851  13.969744  12.5
6410 1992 WO4                        156.971872  2.7712737  0.22593840 248.822685  77.043151   8.701996  12.2
6411 1993 TA                         349.514908  2.7641092  0.41684280 271.683602 157.825724  28.574283  13.0
6412 1993 TL2                        323.118535  2.3573288  0.04852761 165.572859  12.419009   6.842407  13.6
6413 1993 TJ3                        107.696207  2.2576555  0.11116197  38.018695  32.269843   4.799955  13.1
6414 1993 UX                           6.190750  2.1362398  0.06879647 200.320433  23.212952   1.824427  12.9
6415 1993 VR3                        286.160033  3.1502813  0.14862235 125.262106 312.098974   4.080596  11.8
6416 1993 VY3                        328.229071  3.0805357  0.15167354 139.450924 259.366001   1.685163  13.0
6417 1993 XA                         113.184185  2.5884115  0.18305423 264.474980  89.857788   3.954676  13.9
6418 1993 XJ                         147.148877  2.2601209  0.10685252 179.025788 229.635073   6.143657  13.3
6419 Susono                           15.473811  3.1291162  0.08966447  77.141999 274.881908  11.362079  11.2
6420 1993 XG1                         67.552370  2.9870603  0.10508984  48.811436 290.892913   8.915393  11.2
6421 1993 XS1                         92.346914  2.4601472  0.13371354 267.296598 140.750910   6.522487  12.8
6422 1994 CD1                        237.881375  2.6250752  0.15192069 165.498723 126.724332  14.597585  11.7
6423 1994 CP2                         55.125147  2.9970761  0.19304120  34.417471 341.334494  11.190704  11.7
6424 1994 EN3                         66.167303  3.0224306  0.10167056 258.617529 144.234571  11.077723  11.8
6425 1994 WZ3                         20.177002  2.5488931  0.21203226 131.526521 210.372609  14.822823  11.8
6426 Vanysek                         255.356354  2.4227446  0.17322555 202.487623  45.454832   2.796235  13.7
6427 1995 FY                         252.585439  2.2623709  0.12783603 322.172439 338.441597   4.679339  13.3
6428 Barlach                          18.940180  2.5790011  0.07288742  90.173682 307.806504   9.234271  13.0
6429 Brancusi                         73.465499  2.1538000  0.19338474 203.428616 142.446503   3.688960  14.4
6430 1964 UP                         295.685287  2.1626336  0.14682400 357.130874 299.818594   3.216652  13.9
6431 1967 UT                         213.437401  2.3917279  0.05392214 222.072130  96.912329   3.440121  13.5
6432 1975 TR2                        141.420676  3.0718179  0.12304259 174.598141 132.594741   4.128750  12.5
6433 1978 WC                         121.815293  2.3881043  0.21748552 316.468345  87.570952   8.613281  14.6
6434 Jewitt                          262.990150  2.3259560  0.23331975 201.419515 139.500383  14.888491  14.0
6435 1984 DA                         130.277270  1.9193433  0.05763994 358.340634 159.308433  23.439985  14.1
6436 Coco                            294.702006  2.2395422  0.09086069 135.239836 138.785424   3.417954  14.2
6437 1987 QS7                        180.995549  2.8983662  0.04452546  59.618218 166.168838   2.057503  12.8
6438 1988 BS3                        310.249593  2.2289920  0.18644886  90.541111 161.415529   5.216445  14.4
6439 Tirol                           192.325554  3.1800321  0.08551972 121.639514 148.186270  19.128449  12.5
6440 1988 RA2                        192.261376  2.4551933  0.18974575 182.301912 172.160444   2.511096  14.3
6441 1988 RR2                        272.820687  2.4026080  0.20226043 131.612453 150.670288   2.722356  14.6
6442 Salzburg                        161.574403  2.6857537  0.04060043 122.734434 152.206619   2.994357  14.0
6443 1988 RH12                       284.557808  5.2511111  0.12629448 198.137089 168.225901   9.488326  12.3
6444 1989 WW                         242.624265  2.2293542  0.30512494 268.655008  98.295208   6.059189  14.0
6445 Bellmore                         42.678409  2.6283227  0.11402977 340.591017 125.782752  13.939929  12.6
6446 1990 QL                          36.523766  2.3171716  0.29520990 252.999919 157.327071  23.596706  14.1
6447 1990 TO1                        289.938749  1.9520108  0.08616440 155.837659 230.944956  19.768634  13.6
6448 1991 CW                         124.679195  2.2622449  0.16035987 308.365330 118.108614   4.932420  13.6
6449 1991 CL1                         77.809610  2.3252215  0.14131722 162.265575 287.465244   2.460593  13.6
6450 1991 GV1                        228.845016  2.5357979  0.24738077 148.537445 129.610736   8.462726  12.6
6451 Karnten                         118.480467  2.6442813  0.04929701 213.448640 115.961412   3.707533  14.3
6452 Johneuller                      301.722793  2.4383621  0.06734108  27.634416 196.613897   1.678270  13.6
6453 1991 NY                         250.504779  2.5630988  0.32258191 110.525186 197.121824   5.038485  13.6
6454 1991 UG1                        179.509285  2.7579189  0.39366913 276.540983  66.042889  29.710658  13.0
6455 1992 HE                         288.207603  2.2409601  0.57192195 262.636453  27.270377  37.364860  13.8
6456 1992 OM                         302.429261  2.1939023  0.40847583 346.847003 313.865850   8.214791  15.9
6457 1992 RT                          47.550662  2.8807719  0.07075336 256.001519 126.622798   2.940761  13.3
6458 1992 TD1                        174.164554  2.5538850  0.14715530 150.016034 198.411413  14.867889  13.1
6459 1992 UY5                         47.326422  3.0216644  0.10000207 213.479545 169.017552  10.612516  12.3
6460 Bassano                         170.546717  2.2574415  0.10683107 180.865814 299.281149   3.230454  14.1
6461 1993 VB5                        224.721425  1.9522868  0.10236216 266.228452 154.295202  23.421734  13.3
6462 1994 AF2                         17.726125  3.2000125  0.07275527 267.167881 108.119004  16.368445  12.0
6463 1994 AG3                        123.856553  2.6138466  0.18279371  78.326226 287.512209  11.947710  11.9
6464 1994 CK                         316.976414  3.0053024  0.05334255  12.445912 108.772803  11.654882  12.0
6465 1995 EP                         338.920387  2.6721307  0.15798514  97.738809   5.807515  11.379991  12.2
6466 1979 MU8                        314.690329  2.5599320  0.11790568  72.547570 125.944655  13.751817  12.8
6467 1979 TS2                         91.257921  2.6550100  0.11462492 232.218799 190.312316   4.616863  12.9
6468 1981 ED19                       216.796326  2.6748115  0.07392677 140.729918 167.971916   2.296526  12.8
6469 1982 PC                         300.373949  2.2196276  0.20341004 150.391714 159.585534   3.953642  14.6
6470 1982 RO1                        193.255824  2.2751534  0.15162370 152.298868 238.236411   2.786320  14.4
6471 1983 EB1                         38.783749  2.4323537  0.12462502 329.865802 166.053895   2.673968  14.4
6472 Rosema                          159.379438  3.1079291  0.17419992  97.465196 224.700384   4.927934  12.5
6473 Winkler                         296.345959  2.6854952  0.12850623 328.185513 204.398780   7.431604  12.9
6474 Choate                          261.090976  2.5686193  0.29455709 118.312400 176.240100  12.230086  14.0
6475 1987 SZ6                        339.598456  3.1385513  0.16887536  77.931985 277.487131   8.937888  10.4
6476 1987 VT                         164.316067  2.7846814  0.17880288 271.942135  54.777920  17.629391  13.0
6477 1988 AE5                        226.942311  3.0357960  0.03173340 102.679815 146.177797  10.297696  12.4
6478 1988 JC1                        309.899828  2.3060803  0.19233238  83.098960 183.741305  22.811233  14.1
6479 Leoconnolly                     170.442152  2.6132885  0.18239446  50.938544 162.047817  13.305927  12.7
6480 Scarlatti                       255.181776  2.3715636  0.22820836 164.510352 166.470863   2.439690  14.1
6481 1988 RH2                          8.546791  2.2788105  0.18170858 311.103685 324.349176   6.290575  13.3
6482 Steiermark                      232.337287  3.1806365  0.11478225 348.703856 155.720172   0.554470  13.6
6483 Nikolajvasil'ev                 181.075333  2.5476035  0.15195580 182.317554 182.110135   5.322832  13.6
6484 1990 FT1                        128.352113  2.5763545  0.19165344 302.801694  97.756465  13.616137  12.8
6485 Wendeesther                     332.995320  1.9104675  0.14764216 150.823295 234.402026  20.458031  14.1
6486 1991 FO                          16.939394  2.3196475  0.07898804  14.672087 187.322404   6.286791  13.4
6487 1991 GA1                        309.915031  2.3582877  0.30390646  93.029418 187.669073  21.265512  13.4
6488 Drebach                         161.115553  2.4907028  0.09232910 262.383181  96.244560  11.813573  13.4
6489 Golevka                         273.192414  2.5175417  0.59815033  64.936550 212.471521   2.295058  19.2
6490 1991 NR2                        215.910444  2.6632658  0.40391914  27.837095 287.050012  17.278299  14.1
6491 1991 OA                         278.664198  2.5077430  0.58675580 317.327658 306.570273   5.522792  18.5
6492 1991 OH1                        107.577722  2.8939335  0.07519478 243.673055 106.452435   3.215705  13.2
6493 Cathybennett                    237.892599  1.9488235  0.08341487 240.772206 142.478283  24.721793  13.1
6494 1992 NM                         215.346262  2.2395701  0.10651426 253.487817 118.013167   3.826029  13.9
6495 1992 UB1                        296.228133  2.3355332  0.13273267  45.828127 247.018671   6.637808  12.8
6496 1992 UG2                        255.840768  2.5870074  0.16722002 224.891806  33.486255  13.197966  13.1
6497 1992 UR3                        249.486429  2.3138150  0.21523749 121.086257 234.456762   4.702756  14.0
6498 1992 UJ4                        306.705778  2.2807798  0.16868374 156.388687 149.795666   7.984806  13.4
6499 1992 UV6                        195.176290  2.7620310  0.14322462 221.035697  66.151313  10.066442  12.2
6500 Kodaira                         112.549682  2.7538630  0.41829431 255.299348 186.464062  29.318210  12.5