4001 Ptolemaeus                       43.381419  2.2869131  0.17239143 203.687412 130.843868   5.453810  13.6
4002 Shinagawa                       317.215916  2.5157579  0.02719938 185.942236 117.222183  14.672024  11.9
4003 Schumann                        351.916556  3.4243335  0.08433328  99.561436 191.564186   5.036420  10.8
4004 List'ev                         332.022152  3.0954486  0.20871068 348.247936  18.935335  15.730640  12.0
4005 Dyagilev                        293.750350  2.4508570  0.14968444 265.700652  74.422717   6.834006  12.7
4006 Sandler                         176.162381  2.5157245  0.18270813 122.513684 294.432460   2.380611  12.5
4007 Euryalos                        329.324951  5.1513246  0.05782522  76.050426   6.767734  11.020012  10.0
4008 1977 BY                         323.172460  2.3589410  0.20910534 327.509173 167.374918  25.514363  13.1
4009 Drobyshevskij                   253.373155  3.1313489  0.14430166 180.924150  72.611120   2.299968  12.5
4010 Nikol'skij                       81.457602  2.5478282  0.12908839 340.060946 319.139572   5.434855  13.0
4011 Bakharev                        333.986247  2.1950555  0.04992260  46.853050  34.892430   1.175552  13.9
4012 1978 VK9                        332.379255  2.2475530  0.16361700 133.141531 245.219254   4.565615  13.4
4013 Ogiria                          125.099113  3.1445572  0.18162727 152.403768 193.272881   0.541849  12.0
4014 Heizman                         327.014125  3.4275274  0.03751535 128.924176 272.580828   1.096848  12.0
4015 Wilson-Harrington               132.149242  2.6443591  0.62171978  90.947565 270.928997   2.782944  16.0
4016 Sambre                          306.193893  2.4102556  0.22581660  36.179452 103.720427   0.789923  13.9
4017 Disneya                         336.510201  2.5866098  0.10045848 313.450917  32.543696   3.027197  13.0
4018 Bratislava                      123.748347  2.5795356  0.16561396 158.060123 252.489420   3.435481  13.5
4019 1981 EK14                        63.911869  2.3380343  0.12716403 145.287117 262.838107   2.478378  14.9
4020 Dominique                        72.854524  2.7766831  0.15740423 177.223751 195.141826   9.537905  13.0
4021 Dancey                          293.819055  2.2820348  0.17019587 326.684653  49.748526   3.547014  13.8
4022 Nonna                           299.438263  2.3575455  0.12766830  33.764336 278.724720   5.095036  12.7
4023 Jarnik                           23.292409  2.2338480  0.09289326 126.819908 245.010337   1.849267  13.5
4024 Ronan                           230.594151  2.2833995  0.15389838  75.048811  54.613610   7.768129  12.9
4025 Ridley                          346.705151  2.2521148  0.16735903 245.177935 147.493134   3.126335  13.9
4026 Beet                            116.631931  2.4414941  0.12144502 352.182805 137.647486   3.185799  13.4
4027 Mitton                          136.109115  2.3612908  0.16559290  16.102814 194.001705   1.780978  13.5
4028 1982 DV2                         52.432354  2.5534370  0.14953525 266.239881 177.766998   2.800040  13.2
4029 Bridges                          11.780835  2.5244075  0.13188199  13.819288 214.966783   5.439952  12.9
4030 1984 EO1                        147.519716  2.4589959  0.09512345 301.732637 342.578038   6.520547  13.0
4031 Mueller                          55.386423  1.9342033  0.10058984  69.404918 355.993285  18.913773  13.7
4032 Chaplygin                       358.934633  2.1825271  0.14186890 206.205710 167.385766   2.127905  14.3
4033 Yatsugatake                     220.850492  2.2395437  0.09226108 163.076253  46.573946   5.125640  13.7
4034 1986 PA                         225.990463  1.0597229  0.44398766 296.525037 158.099971  11.167540  18.1
4035 1986 WD                         348.329315  5.2682753  0.05783809 196.461280 233.729189  12.142078   9.3
4036 1987 DW5                        163.715190  2.7985925  0.15205204 336.134433 158.315395   4.679754  12.5
4037 Ikeya                           225.165748  2.7711456  0.15932769  74.025386  13.829499   8.475306  12.5
4038 Kristina                        312.105836  2.3663675  0.13092988  46.353996 334.515592   6.004450  13.3
4039 Souseki                         274.848157  2.4167391  0.06274986 126.091361 275.872836   5.051296  13.0
4040 Purcell                         200.343098  2.6729276  0.06809617 269.322705  55.992496   2.343135  12.8
4041 1988 DN1                        274.053607  3.0132563  0.05530538 150.220200 101.889107  11.228870  11.4
4042 Okhotsk                         206.998731  2.4213384  0.13812858  19.745344  69.549893   3.525795  13.8
4043 Perolof                         323.944099  3.1168693  0.08867357  17.766050 303.869574   6.565141  12.3
4044 Erikhog                         355.012266  3.0419218  0.09440541 253.016505  94.833945  10.677214  11.8
4045 Lowengrub                       170.004261  3.2187850  0.11240409 249.287535 224.539327  21.352672  11.3
4046 Swain                           246.276017  2.6354628  0.06710583  76.457962 207.853010   7.853161  12.1
4047 1964 TT2                         10.824973  2.6178655  0.20976912 309.758575  31.987487   3.024540  13.1
4048 1964 UC                          33.288174  2.2347108  0.18731433  21.864717 356.147531   3.218312  14.4
4049 Noragal'                        242.146128  3.0829455  0.26310100 214.171857  97.820737   2.395054  11.8
4050 Mebailey                        277.690023  3.1756375  0.14641836 250.700108 146.289075   1.470628  12.4
4051 Hatanaka                        110.946666  2.7903127  0.10960474  85.748787 286.207623   2.725028  12.4
4052 Crovisier                       209.678798  3.0209116  0.07519232 127.435654 306.412985   9.157596  12.2
4053 Cherkasov                       291.845546  2.3378952  0.07805141   8.878080 334.254251   4.607551  13.3
4054 Turnov                          268.016962  3.0392811  0.18165370  25.979777  12.730679   4.871174  12.6
4055 Magellan                         14.829142  1.8203351  0.32646599 154.171382 164.971199  23.237804  14.8
4056 Timwarner                        68.601126  2.6467479  0.10519549 354.990777 142.620581  13.150064  12.4
4057 1985 TQ                         330.809741  5.2664335  0.12075739  57.217997  24.467487   2.874701   9.6
4058 Cecilgreen                       39.615797  3.0129134  0.10022684 253.230035  61.979491  10.791030  11.4
4059 Balder                           99.480777  3.0173153  0.07293123  34.898421 238.345493   9.451302  12.0
4060 Deipylos                        298.743130  5.2602795  0.15642055 305.017844 168.307819  16.149663   8.9
4061 Martelli                        262.617955  3.1120742  0.14128894 244.041879  24.410244   1.683351  11.8
4062 Schiaparelli                    356.012587  2.2423755  0.14923173  70.192495 340.293855   6.907607  13.8
4063 Euforbo                         341.488252  5.1600047  0.12018812 317.122309 113.517478  18.955253   8.6
4064 Marjorie                        195.978021  2.4647805  0.04409678 111.459083 341.739838   7.218216  13.4
4065 Meinel                          271.963931  2.2671531  0.07556389 102.790340  22.946443   5.170989  14.1
4066 Haapavesi                        90.362303  2.2422475  0.22280930  88.607119 241.459866   5.276424  13.3
4067 Mikhel'son                      138.926639  2.6273445  0.18682690  89.799601 328.826521   6.328805  13.0
4068 Menestheus                      265.260595  5.2363010  0.07776871 311.253146 177.963825  17.505556   9.4
4069 Blakee                          233.971196  2.1713879  0.07451119   5.455095 235.972702   2.179741  14.2
4070 Rozov                            85.870866  2.2512519  0.16704774 123.440387 253.458178   3.778603  13.3
4071 Rostovdon                       310.175145  3.1932850  0.17271611 127.914436 267.871852  11.022112  12.1
4072 Yayoi                            17.450629  2.1450694  0.06479484 126.431363  21.471019   2.165905  13.4
4073 1981 UE10                        22.349197  3.1692504  0.18274648 192.557331 144.432690   2.065907  12.0
4074 Sharkov                         204.869821  3.0214178  0.04357999  61.525398 189.318024   9.827975  12.0
4075 Sviridov                        304.974681  3.0257326  0.04153691  76.068930  11.226898   7.787948  12.2
4076 Dorffel                          55.940794  2.8514548  0.06824118  63.511327 347.016185   1.362800  11.9
4077 Asuka                            82.950786  3.0159025  0.09329529 241.534250  70.884249  11.409661  11.4
4078 Polakis                         135.317730  3.0145661  0.10970638 224.646185  83.637271  11.632957  11.3
4079 Britten                         247.383636  3.1979983  0.10201188  59.989194  74.620740   2.401367  12.3
4080 Galinskij                       211.163353  2.1938987  0.21012123  95.747573 222.315285   3.795808  13.3
4081 Tippett                          58.530241  2.3791125  0.09352735  49.463701 254.085780   1.800032  12.8
4082 Swann                           250.783652  2.3898228  0.25665738  99.877885 294.705761   9.613197  12.9
4083 Jody                            145.765544  2.5977324  0.19527935 270.072271 143.570190  12.795936  13.0
4084 Hollis                          170.020447  2.9087532  0.01391286 192.134267  87.962369   3.214554  11.8
4085 Weir                             63.986148  2.6044598  0.10968149 134.037894  68.875556  14.206008  12.3
4086 Podalirius                       22.185921  5.2006926  0.12285005 355.530085  54.956076  21.766129   9.1
4087 Part                            169.092266  2.1767510  0.11722547 303.475001  24.872883   4.428626  13.3
4088 1986 GG                         312.900057  2.4445653  0.05695500 283.180987  35.639250   7.395993  12.5
4089 1986 JG                         238.706603  2.1858295  0.13183969 320.452532 317.024573   1.144937  13.1
4090 Risehvezd                       148.262382  2.3560551  0.21077244   3.274106 266.858445   1.328689  13.4
4091 Lowe                            148.312937  3.1812019  0.11580544 199.458536  49.944546  12.229251  10.9
4092 Tyr                             273.776699  2.6295631  0.25357034 108.890266 254.104944   4.016318  13.1
4093 Bennett                         358.103972  3.0175370  0.03013411 221.053602 260.790416   9.357077  11.9
4094 Aoshima                          69.664026  2.8751101  0.33563939 104.251781 255.171617   2.020573  13.2
4095 Ishizuchisan                    191.569487  2.1204379  0.11780792  89.314450 256.206844   2.511957  14.0
4096 Kushiro                         163.644719  2.8101602  0.15160163 303.165070  19.134748   9.069929  12.5
4097 Tsurugisan                      121.354022  2.2390982  0.14181509 321.771168  20.195196   3.976213  13.4
4098 Thraen                          286.499336  3.2287423  0.12628464 359.300585  99.705643   2.937087  13.2
4099 1988 AB5                        231.396590  2.5717210  0.07793923 300.607219 136.169907  15.619705  12.8
4100 1988 BF                          73.956192  3.0114509  0.10282293 306.209822  90.279216  11.125292  11.4
4101 Ruikou                          298.940222  2.6979073  0.11195891 339.648396 339.344196   8.739396  12.4
4102 1988 TE3                        229.838746  3.0215907  0.06811503 277.060046 185.345600   9.585997  11.7
4103 Chahine                           5.846639  2.3809150  0.19201361 328.670855  23.386870  26.966318  11.2
4104 Alu                             348.107362  2.5439378  0.10333815 243.319023  52.198817  15.681941  12.5
4105 Tsia                            326.420274  2.7027952  0.19094717  61.624733 204.700694   6.369714  12.3
4106 Nada                            333.328968  2.7505042  0.18331032 189.619445  45.183995   9.775209  12.0
4107 Rufino                          200.583102  2.5537954  0.20238087 312.645850 149.286228  17.560564  11.6
4108 Rakos                           149.312534  2.6443290  0.12727276 338.807441 195.444325   1.449762  13.6
4109 Anokhin                         185.430605  2.2649655  0.15942577 116.529939 176.848349   1.512501  13.7
4110 Keats                           235.970322  3.0911223  0.12751968  67.171953 194.799341   2.093611  11.6
4111 Lamy                            313.784817  2.2993382  0.12793089 333.190673 248.500924   2.664669  15.0
4112 Hrabal                           26.430805  3.1159355  0.04915776 175.624124 175.981986  16.628315  11.3
4113 Rascana                         255.631123  2.2603602  0.09658598  48.464180 128.913561   6.350992  13.6
4114 Jasnorzewska                    312.764803  2.5380955  0.20332647  44.172167 323.140726   7.344470  13.8
4115 Peternorton                     235.091252  3.0050891  0.03221450 289.409358 206.798992   9.560370  11.7
4116 Elachi                          276.208227  1.8721462  0.08063637 322.725290 185.196576  24.114526  13.2
4117 Wilke                           145.603824  2.8392506  0.17297504 139.700764 169.255237  13.390219  12.7
4118 Sveta                           354.020658  3.0188036  0.10782213  80.109550 307.291264   8.772000  11.8
4119 Miles                           351.373037  2.8838129  0.13012768  75.127433 115.837411  13.036195  11.9
4120 1985 RS4                        221.407896  3.1557871  0.08650330  66.838406 155.084366   6.733071  12.9
4121 Carlin                           51.627297  2.3736656  0.25468218 280.095785  46.881038  23.099340  12.4
4122 Ferrari                          64.905468  2.5572066  0.05074458 307.569643 262.819317  13.418482  12.3
4123 1986 QP1                        102.006252  2.8345031  0.06483468   0.542630  55.402303   2.753586  12.9
4124 Herriot                         108.701072  2.7867257  0.03260889 118.298848 331.250187   3.597455  12.5
4125 Lew Allen                        43.389360  1.9216047  0.11814939  33.689605 276.180355  20.441881  13.5
4126 Mashu                           312.988643  3.2118464  0.13405838 348.193242 102.019905   3.168855  11.7
4127 Kyogoku                         169.776379  2.8677898  0.03846627 224.285068 154.100234   2.259323  12.0
4128 UKSTU                           111.025916  2.5549112  0.14039562 329.030604 292.705330  12.810273  13.9
4129 Richelen                         39.539310  2.5633578  0.25448003  70.779392 245.729170   7.111416  13.5
4130 Ramanujan                       263.828495  3.0534512  0.04485347  48.713630 175.543240   9.778254  12.6
4131 Stasik                           72.883269  3.1635842  0.10726520  92.203046 283.471156  12.393333  11.8
4132 Bartok                          347.386798  2.4072061  0.28787846 254.250183 173.239160  23.310926  11.7
4133 Heureka                         155.459536  2.5836038  0.11773449 246.457339 324.899309  12.091017  12.8
4134 Schutz                          187.029669  2.3008981  0.09861394  77.888733 135.288880   4.178124  13.9
4135 Svetlanov                       277.863625  2.7863742  0.23423162 175.459054 200.280607   7.941292  12.1
4136 Artmane                         127.298357  2.3554676  0.13447510  56.533582 155.321851   3.248192  13.4
4137 1970 WC                          67.156838  2.3639547  0.01674975 208.224273 353.074153   3.808337  13.2
4138 Kalchas                          34.707145  5.1517811  0.04429366 165.579688 208.033252   2.100059   9.8
4139 Ul'yanin                         75.894877  3.1357434  0.17391672 182.717211 134.242069   1.590130  11.8
4140 1976 VA                          87.278447  3.0034563  0.12147602 215.141961 127.557485   7.733981  10.9
4141 Nintanlena                       55.671915  2.5666626  0.01104397 253.800117 326.746048   8.979700  12.6
4142 Dersu-Uzala                     266.952534  1.9117759  0.15080525  55.195333  60.759970  26.496633  13.6
4143 1981 QN1                         32.821683  3.0834301  0.19405833 245.007686 103.599820   2.033940  12.5
4144 Vladvasil'ev                    346.288626  3.1574960  0.04515056 216.656553 172.222854   9.260040  11.6
4145 Maximova                          2.696246  2.2722835  0.19991584  35.120876 292.972187   4.869383  13.6
4146 Rudolfinum                      312.714489  2.2584477  0.10650118 321.376714 169.937457   4.703154  13.8
4147 Lennon                          349.697178  2.3620205  0.07976195 301.309194 288.980180   5.731183  13.0
4148 McCartney                       280.669714  2.2441052  0.09808051 214.960008 325.933521   5.204579  12.9
4149 Harrison                         61.122531  2.6646353  0.12371310  74.281196 155.212184  12.938161  12.3
4150 Starr                            65.517261  2.2324293  0.16671124 196.932991 123.037091   3.193573  12.9
4151 Alanhale                        202.225480  3.1541083  0.14556773  67.642346  66.905670   1.018220  12.0
4152 Weber                           167.947430  3.1903805  0.08119827 324.162938 202.104559  17.432293  12.4
4153 Roburnham                        96.799470  3.1429292  0.16730478 210.134764  66.070791   1.428957  12.1
4154 1985 NE                         104.467512  2.5419128  0.19577142 244.585125 358.865773   6.751150  13.5
4155 Watanabe                        307.175926  2.4324761  0.24068632 354.917482  17.747046   6.009237  12.7
4156 1988 BE                         163.224688  2.6991344  0.19221700 129.034200 308.491495  14.219797  12.1
4157 Izu                             210.762611  2.6728554  0.16322571 206.076895  67.294310  12.820817  11.9
4158 Santini                         115.744630  3.4004139  0.01731787 195.547884   5.421903   6.249119  11.4
4159 Freeman                         257.244232  2.5494139  0.07411150 312.949383  91.569434  15.171426  10.8
4160 Sabrina-John                    164.558594  2.4544798  0.08906490  25.969207 187.723728   5.039079  13.0
4161 Amasis                          344.160246  3.0685048  0.09709598 221.771424 172.943522   3.265299  13.2
4162 SAF                              30.277519  2.8369380  0.13247032 157.129254 254.481889  14.227461  11.8
4163 Saaremaa                         18.046506  3.0224128  0.05182725  11.422617 129.285310  11.093285  11.4
4164 Shilov                          227.972208  2.6350961  0.15029036 220.242994 218.325123  12.820782  12.2
4165 1976 GS3                        221.396722  2.4534340  0.17653436 106.996933 180.435584  11.891159  13.3
4166 Pontryagin                      187.182373  2.6071324  0.03058448 126.392356 311.891305   3.102267  12.5
4167 Riemann                          18.122749  2.5830097  0.08894464 113.884380 160.880627  15.023869  11.8
4168 1979 EE                         283.580428  2.5654630  0.23921969 152.661931 328.300958  12.354288  13.8
4169 Celsius                         121.722373  3.3863330  0.17706164  24.035230 356.971130  10.184108  10.9
4170 Semmelweis                      173.080232  3.0196821  0.09105543 115.131806 172.084946  10.339403  11.4
4171 Carrasco                        274.276081  2.2430201  0.08007351  28.896498 185.350852   4.029206  12.9
4172 Rochefort                       267.370095  2.2727147  0.09448327 210.699160 332.638605   2.186115  14.0
4173 Thicksten                       258.672233  2.3599287  0.11966325  17.764071 107.370192   4.143342  13.1
4174 Pikulia                         324.900720  3.1954287  0.11854203 169.630915 127.754831   2.297231  11.6
4175 Billbaum                         67.677623  2.6862746  0.18429813 315.810053 163.766590  13.562918  12.3
4176 1987 DS                          52.891823  3.1032283  0.14095275 358.804232 114.404056   2.597823  11.9
4177 1987 SS1                        280.610986  3.3086569  0.28173835 159.117434 210.837448  17.162857  12.7
4178 1988 EO1                        287.076730  3.1838126  0.17536380 166.715455  34.005458   1.040579  12.5
4179 Toutatis                        149.031756  2.5115686  0.63388521 274.751600 128.267674   0.469966  15.3
4180 Anaxagoras                       98.486475  2.6149458  0.18797548  28.085726 196.527345  10.898666  13.0
4181 Kivi                            139.188615  2.6095642  0.13350960 338.859276 152.238569  14.397974  12.0
4182 Mount Locke                     326.551597  2.8000012  0.13011702  30.228659 261.961834   8.037349  12.2
4183 Cuno                             26.305955  1.9805539  0.63754854 235.159645 295.903988   6.765356  14.4
4184 Berdyayev                       303.220043  2.5796386  0.03644676  32.972524  28.613527   9.448811  12.8
4185 1975 ED                         323.574709  2.2176245  0.09779508 320.033254 266.086173   2.228509  13.5
4186 Tamashima                        48.027081  3.1080211  0.05919400 272.270380 144.990249  24.118904  11.5
4187 Shulnazaria                     297.460696  3.0453847  0.11785941  21.941891 175.110780   1.270846  12.6
4188 Kitezh                            4.905768  2.3356106  0.15050976 227.726019 136.429601   6.117911  12.7
4189 Sayany                          177.588229  2.3024139  0.13518991 126.644821 194.334740   5.347463  13.7
4190 Kvasnica                         44.443082  2.6131540  0.16885031 116.195534 198.935719  12.946444  12.8
4191 Assesse                          59.478658  2.6345165  0.14242487  39.961991 231.918784  12.037775  12.4
4192 Breysacher                      201.812367  3.2056567  0.16801788 115.688206 213.128043   0.513903  11.6
4193 1981 SM1                          4.783417  3.1427238  0.18201398 248.084825 127.828842   1.886133  12.3
4194 Sweitzer                         42.910416  2.6983866  0.04393696 355.171019 156.362568   7.511144  12.0
4195 Esambaev                         85.343587  2.8352812  0.06681742 218.761212 178.568666   2.045316  12.2
4196 Shuya                             8.778175  3.9121106  0.04673459 199.605126 167.109349   1.498666  10.7
4197 1982 TA                         161.928002  2.2989409  0.77206682 119.398158  10.077358  12.215420  14.6
4198 Panthera                        267.098146  3.1235983  0.11309680  51.470668 108.517523   2.372711  12.8
4199 Andreev                         291.930697  2.4563217  0.13504589 277.953609  72.265237   6.110633  13.1
4200 Shizukagozen                     50.158032  2.7263896  0.22466167 240.663494 242.413357   7.797716  13.5
4201 Orosz                           174.694819  3.1537757  0.23006586  15.062651 238.261381   8.877033  11.1
4202 1985 CB2                         71.380246  3.0220641  0.08862245 140.977324 144.665054  10.256403  11.0
4203 Brucato                           4.279063  2.6044293  0.13435417 260.057607 341.557819  28.609980  12.1
4204 Barsig                          342.511868  2.2689753  0.08620952 322.415852 222.964574   3.809583  13.0
4205 David Hughes                    244.553041  1.7264294  0.14937601 109.870578 276.671169  16.478507  14.7
4206 1986 QL                         208.050110  2.8617688  0.01725829  24.026980 250.565396   1.162811  12.0
4207 Chernova                        315.918544  3.0182747  0.05100282 220.004839 261.644914   9.021112  11.2
4208 Kiselev                           5.134635  3.2050368  0.08532428 221.173735 147.891880  16.743780  11.6
4209 Briggs                           42.472220  3.1520076  0.09103182  14.034716 330.591409  21.620221  10.8
4210 1987 DY5                        122.455518  2.9874922  0.08155150 289.420935 160.175018  10.444290  11.9
4211 1987 RT                         320.402229  3.1950170  0.20012487 319.233884  24.495436   0.594398  12.1
4212 1987 SB2                        340.382199  3.1442384  0.25456950 344.215589  22.429764  14.886562  11.4
4213 Njord                           216.546021  2.3893066  0.07701828 217.720468 253.674286   3.412335  13.3
4214 Veralynn                        256.658506  2.4200407  0.13062062  82.632258  14.140686   3.547217  12.8
4215 Kamo                            171.850025  2.4188578  0.06058441 277.493158 247.162145   5.747697  12.4
4216 Neunkirchen                     207.665438  2.3557538  0.17158839  48.356529 202.882970   4.462116  14.3
4217 Engelhardt                      112.417288  2.3140062  0.21236242 348.454480 355.615524  23.148291  12.3
4218 Demottoni                       301.286420  2.2474588  0.14422338  36.369025 209.797857   4.898475  14.1
4219 Nakamura                        203.082846  2.4667487  0.12256032  65.718170 140.713930   3.081898  13.0
4220 Flood                           118.679530  2.8009818  0.19642368 231.699257 221.639174   7.000222  13.3
4221 Picasso                         124.453529  2.6224521  0.12363623  37.833660 188.109941  17.204933  12.7
4222 Nancita                          11.473739  2.3671568  0.29570738 216.816962 207.143380   3.745882  12.4
4223 Shikoku                         224.348528  3.0092164  0.10302455  86.141762 269.541658   9.241970  11.3
4224 Susa                            244.596189  2.9137102  0.19028795 180.827669 201.160937  12.127633  10.9
4225 1989 BN                         106.451817  2.2410847  0.10755834 258.149956  62.127781   3.485896  12.9
4226 Damiaan                         289.520920  2.8612376  0.25923306 131.935435 212.468424   5.377805  11.3
4227 Kaali                            69.770304  2.3940812  0.15550377  19.814850 133.205716   2.708844  13.4
4228 1968 OC1                        179.283711  2.3044932  0.13643998 112.910787 223.398912   5.262380  13.8
4229 Plevitskaya                     195.942200  2.3735545  0.17895341 322.259355 161.355727   5.155860  12.9
4230 van den Bergh                   239.091926  3.9463792  0.13256340  23.755751 160.618045   3.096756  11.7
4231 Fireman                         229.369712  2.2599908  0.06552098  76.738753 261.290535   8.588444  13.4
4232 1977 CD                          22.715635  1.9360727  0.08333163 277.875823 182.645088  21.706175  13.5
4233 Pal'chikov                      267.537049  2.4012145  0.18505381 112.486496 185.014578   3.829782  13.8
4234 Evtushenko                      156.642436  3.1991356  0.17211247 229.172027  43.806106   1.688824  12.4
4235 Tatishchev                       35.390103  2.9854355  0.03272275 311.482087 332.300022   1.231495  12.2
4236 Lidov                            38.943835  3.4466973  0.02434115 157.414334 349.291582   7.309775  11.4
4237 Raushenbakh                     120.164934  2.6464014  0.09271169 345.365924  29.535718   3.161809  13.0
4238 1980 GF                         317.642414  2.4065902  0.07668405  41.313097 145.159465   1.845758  13.7
4239 Goodman                         219.465147  2.1745969  0.18571023  19.450446 295.202029   1.279106  14.3
4240 Grun                            353.243098  2.9387541  0.11176164  21.823017 321.789630   1.154580  13.7
4241 1981 EX46                       318.608684  2.9476057  0.07771120 120.581399 247.738634   0.968296  14.9
4242 Brecher                          11.565614  3.1133364  0.14819220 203.013575  30.559606   0.322354  12.8
4243 1981 GF1                        313.719999  3.0261435  0.11955305 359.260221 345.425948   9.021317  12.6
4244 Zakharchenko                    342.980245  3.2032710  0.17286209 272.434406  86.113024   1.769504  12.4
4245 1981 UC10                       218.337946  2.3745485  0.16783665  25.754602 359.233761   1.952532  13.8
4246 Telemann                        346.372329  2.2153103  0.17432768 239.392753  37.566522   3.077775  13.5
4247 Grahamsmith                     213.689648  3.1783204  0.22856561 290.205777 124.642347   2.073450  13.1
4248 1984 HX                         172.550976  2.3037256  0.10400717 118.623306 305.940539   5.832670  14.3
4249 1984 SC2                        163.370233  2.9662733  0.10648438 160.908306 320.497090   4.708113  12.0
4250 Perun                           227.571744  3.1661365  0.11365149 255.954037  60.216343   2.538912  12.1
4251 Kavasch                         180.333677  2.4016475  0.17868169 132.514142 115.489822   3.337138  13.9
4252 1985 RG4                         90.058766  2.6549524  0.13782760  57.111243 164.454012  13.527735  12.7
4253 Marker                           39.638381  2.6189968  0.17789724 341.656524 345.334580  14.567099  13.0
4254 Kamel                           330.374250  2.6161956  0.15752463 227.271548 202.115055  12.998688  11.7
4255 Spacewatch                      155.144338  3.9670144  0.15470141  75.948313 184.043080   2.607356  13.5
4256 Kagamigawa                      168.419484  2.3509243  0.06954532 226.107003  72.600544   3.046452  13.4
4257 Ubasti                            4.773030  1.6470947  0.46819610 278.894022 169.326174  40.709983  16.2
4258 Ryazanov                         56.890949  2.9572664  0.07201407 272.224542  62.521875   3.957904  12.0
4259 1988 SB3                        289.851632  2.8954191  0.04790306  12.405329  59.908235   2.918262  12.6
4260 Yanai                            34.652131  2.8443614  0.06020760 326.135660  91.141766   3.267876  12.2
4261 Gekko                           111.503073  2.7941448  0.11061030 101.088711 266.123229   2.657851  12.5
4262 1989 CO                          81.343496  2.3009428  0.21950538 183.536720 129.391497   7.318401  13.2
4263 Abashiri                        324.949782  2.2351327  0.13831104 306.894274 298.345635   5.804137  12.6
4264 Karljosephine                   115.196456  2.4211899  0.28371162 197.186039 184.972533   3.509652  13.3
4265 Kani                            116.964496  2.4286566  0.20040757 242.849659 127.402219   4.350300  12.8
4266 Waltari                          13.581546  3.1768620  0.17146161 157.894970 322.699916  16.498756  11.6
4267 1971 QP                         197.780727  2.3274306  0.20379007  91.704985 244.882565   2.273595  14.0
4268 Grebenikov                        1.228650  2.6382978  0.26068158  18.381137 359.848316   4.262190  13.8
4269 1974 FN                           8.869142  2.2309634  0.16521479 322.533849 337.945455   3.450655  13.8
4270 1975 TJ6                         21.609427  2.3679406  0.18101536 320.582202 125.723373  12.135903  13.9
4271 Novosibirsk                      17.462400  3.0164355  0.08969128 134.036207 160.349198  10.923013  11.8
4272 Entsuji                         101.699100  2.3683127  0.25010273 183.508090 184.633386   9.280274  13.5
4273 1978 UU1                        134.577817  2.3950483  0.22654619 240.889581 127.403245   3.027170  13.9
4274 Karamanov                       358.773984  2.6904609  0.23631401  11.574590   7.607163   7.379053  12.8
4275 Bogustafson                     151.190077  2.6571826  0.17599872  47.521787 336.208436  13.006260  14.3
4276 Clifford                        285.246086  2.0100274  0.20381970   3.264047  77.014968  21.028851  14.3
4277 1982 AF                         303.667520  2.7245355  0.14114966  93.820982 300.564635  10.637412  12.8
4278 Harvey                          206.974569  2.2668443  0.17695847 234.987104 146.626511   5.474756  14.0
4279 De Gasparis                     103.789835  2.3653682  0.20623644 161.011764 265.941127   4.265807  14.4
4280 Simonenko                       112.155801  2.3773582  0.00927333   2.558788  51.445970   4.631503  13.2
4281 Pounds                           93.018235  2.4639995  0.11096005 208.792857 188.115841   0.727329  13.6
4282 Endate                          301.814181  2.3926598  0.14591501 100.898796 325.999775   2.722183  13.3
4283 Stoffler                        299.613148  2.3529404  0.17056869 167.400552 328.114896  24.208179  12.6
4284 Kaho                            175.187132  2.4023986  0.27116628 167.285253 137.783664  11.729206  12.5
4285 Hulkower                        157.240898  2.6445140  0.15885975  77.784327 155.315869  13.171349  12.1
4286 Rubtsov                         308.819891  2.9189961  0.08067128 251.919026 134.931197   2.901437  11.6
4287 1989 RU2                        276.079331  2.2083036  0.18613447 257.221473  53.098730   5.487346  13.2
4288 1989 TQ1                         25.134830  2.6280656  0.17730949 323.819433  44.850653  13.994213  11.8
4289 Biwako                          170.232958  2.2966347  0.15649018 340.602783  76.080917   5.465007  12.8
4290 Heisei                          273.513952  3.0255138  0.09176470  91.303404 244.262329   8.497068  11.5
4291 1989 VH                          32.159483  2.9836066  0.07042043  10.152293 246.226821  13.612606  11.5
4292 Aoba                            275.681279  2.7507724  0.04766660 144.507313 322.010675   3.549913  12.2
4293 Masumi                          303.072583  2.7219292  0.22171128  53.247855  58.237069   9.371517  12.0
4294 Horatius                         20.952670  2.8021453  0.02258521  22.738351 340.102430   4.878534  12.8
4295 Wisse                           317.700725  2.4496546  0.15811905  28.714696 316.214969   2.349480  13.4
4296 van Woerkom                     200.152867  2.2486046  0.16566516  26.737022  13.258009   6.149310  13.5
4297 1938 HE                         223.189125  2.3361696  0.19182780 180.886745 121.945127   5.856623  12.7
4298 1941 WA                         242.616527  3.0392437  0.29766263 312.295299  88.223153   3.299685  12.2
4299 1952 QX                         206.307362  2.2432506  0.17148703 272.396089 104.586676   5.085164  13.1
4300 1955 SG1                         17.044376  2.3329274  0.09757429 147.342898 208.822125   3.789496  13.2
4301 1966 PM                         103.781845  3.0992699  0.12624146  99.128004  52.352467   2.297518  12.2
4302 Markeev                         264.193291  2.4572283  0.13262820  99.869112 152.473617   5.692261  12.7
4303 Savitskij                       241.574680  2.1721740  0.13219579  15.223995  32.592749   2.418377  14.1
4304 Geichenko                       168.040565  2.4528285  0.14946757  61.652969 313.031880   3.063662  13.6
4305 Clapton                         179.429509  2.9164331  0.06850059 325.327936 180.259228   1.795364  12.6
4306 Dunaevskij                       12.290963  3.1319089  0.17050687 177.098605 153.310457   1.793791  12.5
4307 1976 UK2                        335.012031  2.4121316  0.07818286 309.853137  24.409779   5.176847  13.2
4308 Magarach                        149.364209  2.6813438  0.19742426  93.022946 304.228897  10.934771  12.4
4309 Marvin                          253.087839  3.0001038  0.27021079 208.122174 191.858339   1.554468  13.2
4310 Stromholm                       255.660046  2.1605623  0.05542946 351.795176 178.623363   3.515945  13.6
4311 1978 SY6                         82.622584  2.4413755  0.14617093 124.709877 223.182807   5.485384  13.6
4312 1978 WW11                       154.883203  2.3848994  0.15180455 286.540246  91.384841   4.424151  13.1
4313 Bouchet                         188.281563  2.6529773  0.01267849 160.968073  44.351158   9.264020  11.9
4314 1979 ML3                        237.069305  2.5931212  0.09724519  21.585045 225.929429   3.204839  13.1
4315 Pronik                          290.226167  2.9831151  0.28769018 264.569298  29.441641  16.747676  12.4
4316 Babinkova                       160.889328  2.8995535  0.01896577 173.153119 340.909023   1.254206  12.5
4317 Garibaldi                       133.830952  3.9888964  0.15766693  97.580623  38.851331   9.809376  10.4
4318 Bata                             92.372620  3.2180270  0.10819045 101.604927  33.517000   9.565851  11.6
4319 1981 ER14                       200.717227  2.3408707  0.22125473 339.712870 325.384543   9.087285  13.8
4320 1981 EJ17                       170.382956  2.1963468  0.11400501 277.233120 191.198967   6.443622  15.3
4321 1981 EH26                       221.308650  3.0658026  0.28454904 245.575678 135.239173   2.406710  12.9
4322 Billjackson                     219.787102  2.2763501  0.18253985 319.122661  19.757628   4.520197  14.3
4323 1981 QN                         345.150247  2.2463003  0.20325080 102.114456 260.136952   4.418598  13.6
4324 1981 YA1                         61.901097  2.5457245  0.19895526 108.723036 292.970914   7.783908  11.8
4325 Guest                           230.767282  2.7493812  0.09719684 109.877398  60.201460   5.764308  12.6
4326 McNally                         338.536877  3.0687218  0.20846851 148.622357 110.886747   4.248411  12.5
4327 Ries                            105.443720  2.7702791  0.22678682 276.103630  56.148221  16.650123  12.3
4328 Valina                          219.702100  2.3040214  0.17339090 129.832502 194.469183   5.689572  13.9
4329 1982 SX2                        197.281605  2.2573744  0.10364982  32.930633   7.565691   5.865481  13.7
4330 Vivaldi                         204.229391  2.2417400  0.03825916 210.490548 199.768328   2.663067  13.6
4331 Hubbard                         149.532754  2.2273618  0.20696075 213.090362  72.317431   5.725517  13.6
4332 Milton                          201.016962  2.5866700  0.31470171 198.474802 166.235412  19.160260  11.9
4333 Sinton                          169.346941  2.2365875  0.14850603 178.264567 143.587555   4.156999  13.9
4334 1983 RO3                        179.822634  3.1425927  0.19317940 350.805707  61.888544   1.637778  12.8
4335 Verona                          188.014228  2.2119862  0.21971502 324.415586  37.779974   3.105176  13.6
4336 Jasniewicz                      292.275350  2.3305015  0.22637206  32.602296 348.339475   7.952648  13.7
4337 Arecibo                          92.707772  3.2515963  0.09761079 162.745366  41.729354   2.271343  11.9
4338 Velez                           332.266041  2.2508268  0.17829018  82.148101 198.574189   5.835301  13.9
4339 1985 UK                         337.095511  2.1948276  0.17809193  72.489681 300.696722   2.168051  13.6
4340 Dence                            95.396444  2.3931145  0.23270196 175.954813  81.173285  25.188323  13.1
4341 Poseidon                        198.790385  1.8354647  0.67889783  15.526499 108.222438  11.860531  15.5
4342 Freud                           149.557311  2.7648959  0.09181065 180.936933 133.650967   6.083447  12.1
4343 Tetsuya                          70.441846  2.7869137  0.17047662 279.003549 221.865801   6.938977  11.9
4344 Buxtehude                       248.819769  3.1059353  0.12349724  96.094851 114.637643   2.392823  12.6
4345 Rachmaninoff                     35.952909  2.9036660  0.03932078 348.566914 136.629349   2.855533  12.5
4346 Whitney                         218.879261  3.0181148  0.08909274  68.703659 225.162329  10.241840  12.4
4347 Reger                            80.002961  3.0528492  0.06034692 121.216626  87.514666   0.561169  11.8
4348 Poulydamas                      272.087162  5.2496296  0.09804989 158.379744 220.180655   7.955577   9.2
4349 Tiburcio                         44.152185  2.6185146  0.24054119 279.554016  90.835745  10.748108  11.7
4350 Shibecha                        293.736309  2.6262877  0.19393166 108.520992  32.740681  13.660496  12.2
4351 Nobuhisa                        291.807311  2.8548305  0.07058581 242.214137 159.607160   2.420217  12.6
4352 Kyoto                           314.024640  2.7634065  0.19581011 347.867024  68.857521  11.068943  11.7
4353 Onizaki                         291.168013  2.3463520  0.10773184 196.452522  79.276841   8.994205  12.4
4354 Euclides                        344.191948  2.7969722  0.20622327 242.949467 193.099718   7.418843  13.8
4355 Memphis                         186.734763  2.5707394  0.04286027 253.671087 345.869626  14.076378  12.9
4356 Marathon                         93.237905  2.8002710  0.19343867 263.611267   2.547316   7.466633  13.1
4357 Korinthos                        27.630680  3.0034004  0.06050246  44.123408 201.633436  10.515675  11.7
4358 Lynn                             97.186767  2.6071618  0.17210670 261.302528  15.350045  13.083242  12.2
4359 Berlage                         317.949643  2.1533923  0.16581872 185.405952 173.536861   1.141314  13.7
4360 1964 TG2                        358.336516  2.5986481  0.15773509  77.040101 331.419997   2.518843  13.0
4361 Nezhdanova                      225.705344  3.1329124  0.17376779 358.380736  75.049154   2.732416  12.4
4362 Carlisle                         71.146442  2.2381328  0.10125424 171.360605  34.569906   4.719310  13.3
4363 1978 TU7                        146.043314  2.3767074  0.22873552 293.068189  84.229992   8.718318  13.2
4364 Shkodrov                         84.891313  2.3276306  0.13832075  45.907435 139.804448   1.737079  14.1
4365 Ivanova                         154.465573  2.8497786  0.05293670  52.193057 245.339214   1.034970  12.3
4366 Venikagan                       100.759961  3.1515395  0.14477158  90.748596  38.778966   1.739608  12.1
4367 Meech                           275.573497  2.8838198  0.23146911  67.246882   6.698963  11.170569  12.5
4368 Pillmore                        266.917575  3.1825330  0.01106770  98.801681 225.898948  20.988755  11.3
4369 Seifert                         240.584172  2.6082708  0.25500169  76.617705 299.757596  11.805355  11.9
4370 Dickens                         297.654381  2.1960931  0.19967348 152.862702 218.636395   2.551095  14.5
4371 Fyodorov                         14.613199  2.4187984  0.18838539 166.830317  54.964351   2.331182  13.2
4372 Quincy                          253.235250  2.9273166  0.12816809  15.554417  15.151270   1.521811  13.0
4373 Crespo                          260.754907  2.2308929  0.17601244 240.061254 154.575845   4.958214  13.8
4374 Tadamori                        165.673837  2.2228378  0.17084972 338.718536 152.738214   4.841764  13.0
4375 Kiyomori                         49.493828  2.2928858  0.10365478  69.196760 137.724342   5.863581  12.7
4376 Shigemori                       238.205819  2.2310483  0.15855536 192.702785 222.635076   0.870076  13.6
4377 Koremori                         21.452197  2.3760804  0.07442324 332.604265 228.054050   2.592490  13.5
4378 Voigt                           147.047798  2.6790322  0.24286284 126.660406  98.859887  10.931519  11.7
4379 1988 PT1                        226.391245  3.1630765  0.11885485 175.179864 211.447487  21.680118  12.1
4380 Geyer                           273.179950  3.0361761  0.07198667  48.626618 346.236519   9.901975  11.8
4381 Uenohara                        303.042092  3.0257671  0.07762180 234.236716 108.427543  11.220229  11.2
4382 Stravinsky                      112.464567  2.5430883  0.19295017 251.394375 121.119049   6.236068  12.3
4383 Suruga                          123.172009  2.4251738  0.06267720 318.093855  88.665595   7.146444  13.2
4384 1990 AA                          85.820523  2.6197340  0.17949204  43.734132 316.616418  13.297014  12.1
4385 Elsasser                        223.752744  3.1758052  0.17486264 312.934673  61.143508   0.582723  12.4
4386 Lust                            153.890186  3.1440047  0.20810782 124.217516  25.584386  11.459689  12.7
4387 Tanaka                           43.012388  2.4385919  0.01514114  23.205906 121.110401   4.266788  12.8
4388 1964 VE                         134.610244  2.3409466  0.27704756 194.507407 213.936479  24.562259  13.6
4389 Durbin                           28.152295  2.9135253  0.07734811 218.047774 132.397262   2.766552  12.3
4390 1976 GO8                        315.224994  2.4018032  0.23500647 266.837789 348.441438  10.754051  13.5
4391 Balodis                         262.406677  2.3906690  0.21197347 108.429579 190.479055   5.350212  13.5
4392 Agita                           268.762556  2.3074724  0.12391783 293.809532  32.016967   5.888739  14.1
4393 Dawe                             23.152068  3.2051070  0.13762128  84.973095 125.533006   2.198836  12.5
4394 1981 EB19                       293.177674  2.2491626  0.23083310 140.577478 168.947098   1.678819  15.3
4395 1981 EH41                        13.956227  2.9967138  0.08378802 106.502060 189.730119  10.046446  12.3
4396 Gressmann                        14.006690  2.2195848  0.19194581 250.854695  47.119089   3.751324  13.9
4397 1981 JS1                          9.800414  2.3108950  0.12060665 207.429948 323.624577   5.479120  13.7
4398 Chiara                           80.115002  2.3659663  0.06445191 327.313251 113.682886   4.966099  13.1
4399 Ashizuri                        191.807826  2.5746196  0.17327442  52.149470 244.517021  12.122869  12.5
4400 Bagryana                        151.148597  2.3687202  0.13831782  26.526322 352.396407   4.391073  13.8
4401 Aditi                             9.173926  2.5769743  0.56667809  67.732597  23.377092  26.710733  15.8
4402 1987 DP                         230.619624  2.8899104  0.02409418 226.326153 178.285326   7.715444  12.1
4403 Kuniharu                        120.488059  2.2431633  0.09407673 141.605097  34.183052   3.090617  13.8
4404 Enirac                          220.315004  2.6439225  0.31454613  64.390326 145.816280  30.356767  13.2
4405 1987 QD1                        305.620836  3.2074002  0.15158044 202.479702 140.429682   9.439590  11.3
4406 Mahler                          226.093666  3.1526606  0.12502575  93.267199 100.674418   1.903216  12.9
4407 Taihaku                         102.605008  2.7119405  0.05906877  87.713419 257.512470   4.710329  12.0
4408 1988 TH2                        349.196419  2.3221092  0.10474467  64.277553 220.214633   4.355482  12.9
4409 1989 MD                         203.033654  3.0355476  0.09455664 331.360587 349.559131   5.356669  12.2
4410 Kamuimintara                    263.508084  3.0517497  0.09431214 326.562865  44.845937  11.138320  11.9
4411 Kochibunkyo                     253.292219  2.1679414  0.09215065  10.086783  88.530038   2.256055  13.9
4412 Chephren                        289.827448  3.1323020  0.16810153 215.754217 137.075111   2.174714  12.6
4413 Mycerinos                       111.397951  2.3659285  0.07120923 183.164101 212.568312   2.260299  13.7
4414 Sesostris                       119.827211  2.3335202  0.11901188 119.943778 350.745499   7.758109  14.0
4415 Echnaton                         72.321027  2.3374398  0.06634158 174.212610 329.323954   2.020036  15.2
4416 Ramses                          337.605415  2.1538549  0.17268412 163.029642 208.607634   1.172730  15.3
4417 Lecar                           215.051678  2.7571172  0.10561877 223.427353 356.575738   9.041318  11.5
4418 Fredfranklin                    108.996288  2.5802349  0.15676472  83.018187 204.031445  12.637784  12.4
4419 Allancook                       165.241150  3.0721241  0.21061505 286.248535 238.265064   0.371217  12.6
4420 1936 PB                          64.878926  2.6731062  0.31845236   1.511554 302.799204   6.912293  12.2
4421 Kayor                            18.372910  2.6601307  0.19613298   1.283869  96.333475  16.276706  12.6
4422 Jarre                           239.524431  2.2377539  0.17954734 213.847836 150.107144   4.802477  12.6
4423 1949 GH                         237.773064  3.3866074  0.10027792 105.981888 193.883956  19.277735  11.3
4424 Arkhipova                       308.444606  2.7561036  0.07958199  14.684310 138.722196  14.747825  11.5
4425 1967 UQ                         130.538230  2.3582472  0.16561864  51.347069  68.068551   3.312203  13.8
4426 Roerich                         186.333133  2.7529709  0.06822108  55.057833 237.603181   2.085296  12.3
4427 1971 QP1                          5.815268  3.0243202  0.10376534  70.978613 318.685610   8.862586  12.0
4428 Khotinok                        292.906521  2.3677220  0.23748017 212.728974  85.016964   4.802313  13.2
4429 Chinmoy                         118.088126  2.3808802  0.21309748  66.659842 327.663913   1.465251  14.5
4430 Govorukhin                      258.112409  2.9885479  0.17444638  75.614759 353.183557  12.735652  12.6
4431 1978 WU14                       225.499052  3.0570289  0.10847710 217.558450 223.726921  10.898258  10.9
4432 McGraw-Hill                      63.186648  2.3859955  0.21339721 246.645706 114.873309   0.460219  14.9
4433 Goldstone                       184.430448  2.4327380  0.13508686 249.923233  79.020387   9.345671  13.1
4434 Nikulin                         135.100951  2.4417917  0.13259865 208.883077 166.086240   5.710708  13.2
4435 Holt                            162.187688  2.3156529  0.33606089 110.187677 331.061351  21.917503  13.2
4436 1983 EX                         289.531840  3.2489224  0.05338060  15.199282  90.762273  17.362870  11.0
4437 Yaroshenko                       28.063911  2.4113151  0.13640117 350.728209 221.374010   4.500618  12.8
4438 Sykes                           258.675548  3.1783799  0.24335803 293.034596  57.149492  13.303602  11.5
4439 Muroto                          181.466567  3.0671312  0.27836550  18.258202  52.324057   2.313296  13.0
4440 1984 YV                         349.419911  1.9211233  0.07726959 224.916360 283.467436  21.347510  12.3
4441 Toshie                           53.221165  2.9601605  0.04679925 245.256384  62.463545   2.310411  13.6
4442 Garcia                          341.493507  2.9974529  0.24947084 264.489069 287.028384  15.109967  12.7
4443 1985 RD4                        231.777276  2.2351160  0.11831113  84.611168 347.162216   3.618772  13.5
4444 1985 SA                         253.513046  2.3242616  0.13457469 181.604988 121.482525   7.391945  13.0
4445 1985 TC                         269.312824  2.2666499  0.18995679 156.137736 215.840913   2.853377  14.2
4446 Carolyn                         261.987457  3.9801198  0.28467740 117.830453 189.352355   7.244540  11.1
4447 Kirov                           264.169836  2.8555831  0.07234194 193.552453 148.023211   2.689859  12.6
4448 Phildavis                        49.628561  2.5478868  0.08268148  47.256179  83.412700  16.810180  12.0
4449 Sobinov                          83.217208  3.1552327  0.08440802 314.779902 299.785431   4.904496  11.2
4450 Pan                             128.722234  1.4417410  0.58647715 291.359760 312.241490   5.523076  17.2
4451 Grieve                           99.352313  2.6021155  0.38695597 109.425160 219.908448  27.706037  12.2
4452 1988 RN                          25.319706  2.6156523  0.13235294 136.734601 322.981652  14.179448  12.0
4453 1988 VC                         309.121542  2.9913858  0.10948133  74.105298 336.186606   9.367520  11.9
4454 Kumiko                          243.843559  3.1890937  0.10069876 131.780027 278.604237   0.704690  12.6
4455 Ruriko                          266.167690  3.0169274  0.04469821 225.713748 243.991715   9.381076  11.1
4456 Mawson                          137.492473  2.3753735  0.27747086 345.832674 358.431143  15.027514  13.4
4457 van Gogh                        197.162611  2.6648031  0.12832861 339.431848 187.302923  13.829495  12.2
4458 Oizumi                          110.654479  2.4425615  0.14938914 345.313562  98.835455   4.291379  13.5
4459 Nusamaibashi                    224.490250  2.2541195  0.11864093 282.606921 157.427472   2.788691  13.7
4460 Bihoro                           36.787703  2.9213877  0.18225052  29.284562 326.652655  27.064855  11.0
4461 Sayama                          164.471836  2.8513249  0.12971181 149.174239 133.607807  16.012050  11.6
4462 Vaughan                         160.780992  3.0707933  0.14715448 201.326542  58.074457   1.006791  12.1
4463 1954 UO2                        231.425986  3.1825270  0.18260274 254.478565 158.074874   1.834946  12.8
4464 Vulcano                         280.371393  1.9522551  0.06777468 314.317948  11.882859  20.211624  13.9
4465 Rodita                          116.109225  2.4370625  0.13269343  63.443796  51.320905   3.290642  13.4
4466 Abai                            117.141928  2.9417548  0.02833377 198.912963 170.913147   2.096758  12.2
4467 1975 VN2                         63.803204  2.6386108  0.14898378  40.963207  34.286481  14.135653  11.7
4468 Pogrebetskij                    287.439554  2.3619693  0.16303845  50.454724  49.090609   0.601772  14.0
4469 Utting                          269.415261  2.5746612  0.18850756  20.700928 325.504404  11.854722  13.8
4470 Sergeev-Censkij                 227.712208  3.1371867  0.16545982 196.643282 120.289195   2.446960  11.9
4471 1978 VB                          32.561253  2.8599729  0.15861756  41.539721 345.820732  13.900765  12.3
4472 Navashin                         93.988386  2.2411636  0.14608244  42.835516   5.337776   5.838898  13.6
4473 1981 DE2                        155.969036  3.0165161  0.03894346 174.058337 319.966615   8.795634  12.7
4474 Proust                           10.110852  3.1949815  0.15858351 159.041684 131.768547   2.048275  12.4
4475 Voitkevich                      142.946298  2.2526083  0.06852866 150.236578 336.809430   2.201788  13.5
4476 Bernstein                       119.147613  2.3850203  0.18966708 345.413267  94.954991   3.366653  13.7
4477 1983 SB                         173.107986  2.2206158  0.16119903 126.876275 224.325400   2.936694  14.2
4478 Blanco                           22.218742  2.2483053  0.13416314   4.559846 267.297134   3.279663  13.9
4479 1985 CP1                        273.002659  2.7558405  0.09950113  54.814888 157.529319   5.304976  12.7
4480 Nikitibotania                    98.437765  2.4325071  0.16808538 350.191739  50.450536   3.404506  13.6
4481 Herbelin                        210.784462  2.3397288  0.24448957 264.602713  87.512865   1.490611  14.0
4482 Frerebasile                      91.283787  2.3426566  0.25910516  36.787679 334.539204  24.955930  12.8
4483 Petofi                          132.105757  1.9226661  0.08349253 186.054992 184.289688  26.726034  11.9
4484 Sif                             297.836933  2.6345082  0.10103693 359.561038  85.197604  29.772181  12.1
4485 Radonezhskij                    281.376722  3.0121866  0.06725157 137.791600 316.783375  10.136546  11.7
4486 Mithra                          140.661627  2.2002545  0.66250552 168.605660  82.513259   3.046206  15.6
4487 Pocahontas                      259.274473  1.7303262  0.29670567 173.731634 198.238202  16.400686  17.1
4488 Tokitada                        110.043469  2.1811993  0.14371404 184.092692 218.574080   4.347819  13.9
4489 1988 AK                         306.479919  5.3034887  0.06399395   5.511391  86.749895  22.128077   9.0
4490 Bambery                         167.607619  1.9309162  0.09216115 267.947989 134.930292  26.120972  12.7
4491 Otaru                           351.988321  2.1737370  0.02891401  70.759426 313.827353   3.674169  13.1
4492 Debussy                          18.135254  2.7672970  0.17687040  52.277770 350.230395   8.036990  12.9
4493 1988 TG1                        278.583306  3.0254026  0.07836320 153.624189 265.065220   9.008790  11.0
4494 Marimo                          136.980618  2.3429480  0.11956071 215.036476 294.782676   2.478377  13.1
4495 1988 VS                          70.081326  3.9261815  0.15927310 214.333832 224.409118   5.260510  11.3
4496 Kamimachi                       318.824966  2.8116820  0.05673045 326.369399 163.232855   4.791747  12.8
4497 Taguchi                         231.229918  2.4262874  0.26807726 302.234820  93.539807   9.749650  11.5
4498 Shinkoyama                       54.194573  2.9969638  0.12573276  69.750268 281.344598   8.890404  11.1
4499 Davidallen                      305.113960  3.1722045  0.17163655  88.639886 318.392056   6.559950  12.2
4500 Pascal                          285.682621  3.1685665  0.17448809 301.853705 137.475332   2.917513  12.0