0501 Urhixidur                       130.095933  3.1592049  0.14537254 350.012317 357.620995  20.885331   8.9
0502 Sigune                          302.049277  2.3824900  0.17903024  19.559295 133.126167  25.005783  10.8
0503 Evelyn                           92.847494  2.7241577  0.17535894  40.598001  69.227087   5.028294   9.1
0504 Cora                             95.000272  2.7211012  0.21642866 246.961225 104.968928  12.919825   9.4
0505 Cava                            181.966459  2.6838719  0.24617766 336.155389  91.049417   9.822814   8.6
0506 Marion                           29.626768  3.0430728  0.14416357 147.741528 313.128318  17.003129   8.9
0507 Laodica                         114.353655  3.1591569  0.08998401  96.038091 294.088949   9.534918   9.1
0508 Princetonia                     319.251748  3.1617745  0.01881291 183.422850  44.757841  13.359844   8.2
0509 Iolanda                         122.138865  3.0675431  0.08858729 153.839504 218.046021  15.365759   8.4
0510 Mabella                         167.790948  2.6079388  0.19457799  89.985527 203.175029   9.511149   9.7
0511 Davida                           83.006245  3.1714854  0.18245906 338.899151 107.788266  15.938029   6.2
0512 Taurinensis                      61.916084  2.1892331  0.25382822 248.876951 107.234050   8.751080  10.7
0513 Centesima                       351.310991  3.0141828  0.08097385 219.915715 184.785244   9.734392   9.8
0514 Armida                          257.089515  3.0441102  0.04537854 118.914739 269.253277   3.875101   9.0
0515 Athalia                          16.700596  3.1276149  0.16617122 295.722307 121.590258   2.032674  11.2
0516 Amherstia                       343.840424  2.6765331  0.27696537 257.385354 329.384983  12.954751   8.3
0517 Edith                           324.682024  3.1484193  0.19221162 137.247638 274.947053   3.198717   9.4
0518 Halawe                          209.043388  2.5352272  0.22369219 116.607200 204.455097   6.731215  11.0
0519 Sylvania                        148.488268  2.7915705  0.18329297 301.773894  45.142860  11.010342   9.1
0520 Franziska                        48.715430  3.0078292  0.10282407  21.084768  34.599505  10.946439  10.6
0521 Brixia                          316.813102  2.7434438  0.28017552 314.971557  90.092508  10.561069   8.3
0522 Helga                           342.733355  3.6474845  0.07676234 243.985323 117.440858   4.438644   9.1
0523 Ada                             201.725420  2.9622224  0.18209412 187.118651 261.478288   4.320308   9.6
0524 Fidelio                         115.220566  2.6360322  0.12779327  79.838633 326.924780   8.217718   9.8
0525 Adelaide                        178.666519  2.2446785  0.10309768 263.685814 203.635451   5.990636  12.5
0526 Jena                             70.424323  3.1171513  0.13966741   0.154584 137.973093   2.169420  10.2
0527 Euryanthe                       240.200116  2.7265764  0.14923693 202.656948 120.787713   9.656869  10.1
0528 Rezia                           214.726262  3.3988821  0.01475849 301.801551  50.179390  12.662990   9.1
0529 Preziosa                        134.605957  3.0190888  0.09112910 336.165983  65.475921  11.028825  10.1
0530 Turandot                         25.581046  3.1849453  0.22221024 201.622302 129.261426   8.562808   9.3
0531 Zerlina                          59.389782  2.7889365  0.19529762  58.006668 197.922624  33.981599  11.8
0532 Herculina                       161.427797  2.7775069  0.17529083  75.898221 107.911050  16.304168   5.8
0533 Sara                            107.718611  2.9841778  0.03816025  34.016175 180.666714   6.549010   9.7
0534 Nassovia                        218.566640  2.8822690  0.06014487 336.234936  94.366094   3.274987   9.8
0535 Montague                         20.393861  2.5696721  0.02483431  70.017555  84.910015   6.783243   9.5
0536 Merapi                           23.074623  3.5021944  0.08308151 302.701473  59.491316  19.382309   8.1
0537 Pauly                           171.761729  3.0636679  0.23675346 183.740211 120.721360   9.917017   8.8
0538 Friederike                      199.974462  3.1709677  0.15655081 227.831484 141.504380   6.482481   9.3
0539 Pamina                          221.667020  2.7388930  0.21180712  97.124349 274.705797   6.804403   9.7
0540 Rosamunde                       277.339984  2.2184807  0.09031850 337.461265 202.333751   5.577407  10.8
0541 Deborah                          10.094780  2.8142471  0.04904559 357.817846 268.121242   5.991444  10.1
0542 Susanna                         325.823183  2.9057693  0.14392237 215.054618 153.336113  12.082982   9.4
0543 Charlotte                       153.128584  3.0622102  0.15032670 111.458767 295.210678   8.468964   9.4
0544 Jetta                           248.176411  2.5910017  0.15440842 341.269487 298.543617   8.361146   9.9
0545 Messalina                       258.479517  3.1963925  0.17492261 322.753054 334.585187  11.108444   8.9
0546 Herodias                         35.911486  2.5987899  0.11412550 108.733019  22.094102  14.862351   9.7
0547 Praxedis                        107.733562  2.7750638  0.23492014 195.502609 193.381327  16.872673   9.5
0548 Kressida                         41.614810  2.2823781  0.18404896 319.993865 108.587604   3.869442  11.3
0549 Jessonda                         90.794811  2.6830393  0.26071728 157.128584 291.686212   3.964656  11.0
0550 Senta                           257.206460  2.5914785  0.21795735  44.731376 270.903296  10.097249   9.4
0551 Ortrud                          110.099537  2.9665216  0.12400277  70.419994   6.317602   0.403576   9.6
0552 Sigelinde                        70.551622  3.1641843  0.07604757 350.964734 267.764575   7.676597   9.4
0553 Kundry                           38.808173  2.2308504  0.10936371 354.428583  72.509291   5.389039  12.2
0554 Peraga                          237.939740  2.3737426  0.15411720 127.321981 295.744258   2.942403   9.0
0555 Norma                           218.384648  3.1836256  0.16369205 350.010503 130.905525   2.641690  10.6
0556 Phyllis                          59.461047  2.4653296  0.10188989 177.933832 286.309992   5.229446   9.6
0557 Violetta                        177.106389  2.4417807  0.10208115 193.544913 293.392158   2.499207  11.8
0558 Carmen                          339.920620  2.9066942  0.03956658 316.616902 143.970157   8.371661   9.1
0559 Nanon                           271.782012  2.7117836  0.06702497 129.464294 112.270919   9.310457   9.4
0560 Delila                          202.173167  2.7504282  0.16081824   3.861569 105.661114   8.460347  10.6
0561 Ingwelde                        266.887764  3.1845059  0.11507112 307.526398 160.125309   1.525333  11.2
0562 Salome                          160.089797  3.0201314  0.09744402 258.478173  71.123507  11.123173  10.0
0563 Suleika                          88.690014  2.7132193  0.23533051 336.830389  85.507847  10.248115   8.5
0564 Dudu                            120.478813  2.7485971  0.27476336 215.008506  71.002843  17.967148  10.4
0565 Marbachia                       211.016023  2.4457829  0.12750291 290.587835 226.144463  10.980323  10.9
0566 Stereoskopia                    218.045107  3.3879739  0.10132076 293.159585  80.635888   4.914352   8.0
0567 Eleutheria                      323.311083  3.1318708  0.09719949 137.106072  58.613836   9.270399   9.2
0568 Cheruskia                       278.376335  2.8843764  0.16744537 172.211125 250.135029  18.359026   9.1
0569 Misa                             70.695990  2.6574480  0.18241607 142.101015 302.056545   1.295404  10.1
0570 Kythera                         185.085789  3.4259535  0.11376584 147.922803 225.361194   1.756822   8.8
0571 Dulcinea                        266.934332  2.4093440  0.24184308  27.339198   3.313684   5.232875  11.6
0572 Rebekka                         324.207144  2.4011541  0.15731450 191.739254 194.783402  10.556997  10.9
0573 Recha                           247.741982  3.0114285  0.11490068  32.233424 343.243843   9.840670   9.6
0574 Reginhild                       125.705986  2.2529610  0.23873850  76.557482 337.006279   5.691013  12.3
0575 Renate                          287.339403  2.5550594  0.12575127 334.277703 349.982074  15.036540  10.9
0576 Emanuela                          5.058493  2.9851541  0.19887421  27.442036 300.144456  10.230149   9.4
0577 Rhea                            358.755679  3.1191120  0.14635596 333.025230 329.121604   5.307170   9.5
0578 Happelia                        215.245421  2.7493534  0.19513304 260.300010  29.911905   6.152806   9.2
0579 Sidonia                         350.985939  3.0130271  0.07875404 234.102127  83.034598  11.001732   7.9
0580 Selene                           14.394817  3.2306041  0.08084617 326.357105  99.414410   3.652040   9.6
0581 Tauntonia                       334.361320  3.2136806  0.02486313  29.608726 102.852987  21.864209   9.4
0582 Olympia                         344.981176  2.6093569  0.22436406 310.091886 155.852076  30.006205   9.1
0583 Klotilde                         14.478978  3.1739374  0.16099452 254.594056 258.105698   8.248694   9.0
0584 Semiramis                       187.928338  2.3740681  0.23395767  84.552508 282.490893  10.715444   8.7
0585 Bilkis                          145.798783  2.4297793  0.13096818 327.485107 180.430115   7.557433  10.4
0586 Thekla                          178.944602  3.0384147  0.06887911 244.190443 229.528467   1.615352   9.2
0587 Hypsipyle                       311.575008  2.3345827  0.16744957 188.804547 324.752897  24.996191  12.7
0588 Achilles                        326.486669  5.1831036  0.14858950 131.827709 316.590921  10.327963   8.7
0589 Croatia                          10.586861  3.1319064  0.04427507 211.840339 177.973101  10.825852   9.1
0590 Tomyris                         354.671326  3.0000246  0.07350235 340.021077 106.441944  11.174070   9.9
0591 Irmgard                           0.235315  2.6797914  0.20755951 217.771990 334.538019  12.475785  10.6
0592 Bathseba                        300.371469  3.0272129  0.13360369 252.627636 168.492748  10.182758   9.3
0593 Titania                         339.134160  2.6976346  0.21693661  31.004171  76.250537  16.892537   9.3
0594 Mireille                        211.923997  2.6285892  0.35168338  77.199903 155.206789  32.583277  12.0
0595 Polyxena                        314.423027  3.2059924  0.05324299 268.087272  24.625175  17.926655   8.0
0596 Scheila                          82.144104  2.9352683  0.16055171 176.665422  70.916360  14.625084   8.9
0597 Bandusia                        287.751924  2.6713235  0.14354667 307.832280  36.784899  12.827275   9.4
0598 Octavia                         186.734150  2.7622898  0.24858658 291.626960  91.950908  12.230917   9.5
0599 Luisa                           263.843156  2.7738302  0.29188893 293.356341  44.740629  16.673774   8.7
0600 Musa                             89.196489  2.6624506  0.05369631 113.245357 139.647039  10.205822  10.2
0601 Nerthus                         181.455123  3.1346416  0.10656805 152.685138 169.970115  16.082364   9.7
0602 Marianna                        122.299058  3.0973531  0.23875038  44.005252 331.983903  15.139586   8.3
0603 Timandra                        280.623226  2.5393545  0.17252700 158.744861 343.625259   8.013666  12.1
0604 Tekmessa                        262.611838  3.1393559  0.20416507  30.588311  12.329029   4.431973   9.2
0605 Juvisia                         277.975793  2.9976021  0.14048256  16.842898 343.063204  19.669499   9.9
0606 Brangane                         12.994390  2.5868757  0.21890520  56.780270 318.921719   8.643049  10.4
0607 Jenny                           164.350187  2.8524453  0.07637833 291.897037 285.491272  10.106200   9.5
0608 Adolfine                        163.603726  3.0275350  0.11621993  70.707539 294.236858   9.381053  10.6
0609 Fulvia                           41.668813  3.0931646  0.03646180 126.663568 165.619168   4.177203  10.0
0610 Valeska                         336.333041  3.0793762  0.26518002 359.622730  20.676717  12.738707  12.1
0611 Valeria                         251.355660  2.9803894  0.12249979 253.349337 189.942793  13.445203   9.2
0612 Veronika                        186.022609  3.1517348  0.26518568 118.698087 204.044505  20.745301  11.2
0613 Ginevra                         106.005388  2.9211703  0.05834871  67.267901 355.064896   7.673805   9.7
0614 Pia                             236.343007  2.6930081  0.11061927 208.682255 217.487972   7.023416  11.0
0615 Roswitha                        295.973574  2.6309957  0.11205899 245.008979  13.978046   2.769430  10.3
0616 Elly                            102.390668  2.5532324  0.05886141 109.137723 356.406830  14.975302  10.7
0617 Patroclus                       295.970833  5.2289384  0.13919718 306.946809  44.414455  22.050359   8.2
0618 Elfriede                         78.919175  3.1848275  0.08135678 228.660345 111.283987  17.020709   8.3
0619 Triberga                          4.198522  2.5207298  0.07581755 177.142395 187.617345  13.772364  10.0
0620 Drakonia                         98.309309  2.4352416  0.13377574 335.228650   0.325249   7.728803  11.3
0621 Werdandi                        200.726027  3.1129866  0.15203548  31.807456  67.486753   2.321072  10.5
0622 Esther                          160.815649  2.4153325  0.24209514 256.006814 142.333218   8.648010  10.2
0623 Chimaera                        301.998316  2.4616871  0.11362219 123.843856 308.478829  14.143306  11.0
0624 Hektor                          266.809930  5.2047350  0.02240097 180.883720 342.779956  18.211834   7.5
0625 Xenia                           263.414933  2.6479589  0.22375289 200.268248 127.784307  12.042649  10.0
0626 Notburga                        142.157519  2.5755336  0.24225365  43.673584 341.861753  25.344027   9.0
0627 Charis                            0.106207  2.9012446  0.06176119 178.444864 142.806605   6.477115  10.0
0628 Christine                       200.836316  2.5819635  0.04324752 203.639481 112.240668  11.521644   9.3
0629 Bernardina                      206.275256  3.1294372  0.16567572  30.297660  87.762983   9.319517   9.9
0630 Euphemia                        183.858313  2.6249674  0.11347394  39.188718 105.812075  13.850676  11.0
0631 Philippina                      261.665570  2.7915123  0.08321878 279.378074 224.851578  18.915931   8.7
0632 Pyrrha                          338.397300  2.6612044  0.19280753 250.458945 357.365113   2.226952  11.6
0633 Zelima                           55.396556  3.0145026  0.09102955 186.630013 147.639078  10.921898   9.7
0634 Ute                             309.563946  3.0426731  0.18782664 222.285935 133.621164  12.293873   9.6
0635 Vundtia                         358.639525  3.1390874  0.08158647 217.951632 183.507282  11.048670   9.0
0636 Erika                           310.269614  2.9091432  0.17279556 299.102451  34.852896   7.937035   9.5
0637 Chrysothemis                     89.169198  3.1555403  0.14086770 169.898135 355.999053   0.289626  11.0
0638 Moira                            57.344534  2.7352548  0.15891700 127.080066 103.684265   7.699168   9.8
0639 Latona                           98.756633  3.0156237  0.10645089  65.232933 280.507450   8.575485   8.2
0640 Brambilla                       111.617541  3.1582858  0.07992088  36.533535 235.094561  13.383677   9.0
0641 Agnes                           109.277424  2.2201977  0.12815917  17.889695  41.109393   1.714859  12.1
0642 Clara                           256.413263  3.2033395  0.11988455 109.835413   6.840373   8.142658  10.0
0643 Scheherezade                    179.369957  3.3522491  0.07356624 236.925828 252.759415  13.712403   9.7
0644 Cosima                          245.175974  2.5984070  0.15634855 268.958208 109.913732   1.040621  11.1
0645 Agrippina                       273.108295  3.2076918  0.16071817  81.417505   0.807644   7.034799  10.0
0646 Kastalia                        231.767316  2.3250579  0.21342481  37.485340 303.138928   6.915924  12.5
0647 Adelgunde                       229.431791  2.4407318  0.19450756 175.770259 255.046837   7.321398  11.4
0648 Pippa                           285.334212  3.2178894  0.19227793 172.014768 291.845939   9.772222   9.7
0649 Josefa                          115.685817  2.5488889  0.27481124 348.491621 357.375170  12.660200  12.4
0650 Amalasuntha                     197.394336  2.4583534  0.18374896 178.055781 215.670928   2.551701  12.9
0651 Antikleia                        97.669688  3.0267150  0.09299663 353.423913  38.417050  10.747324  10.0
0652 Jubilatrix                      111.840781  2.5549871  0.12523003 276.325375  86.414508  15.774166  11.4
0653 Berenike                        355.468285  3.0139231  0.04794795  53.322573 133.299628  11.281279   9.2
0654 Zelinda                         342.803767  2.2967487  0.23142188 214.120110 278.623530  18.116574   8.5
0655 Briseis                         185.025179  2.9873327  0.08990871 282.435616 130.304413   6.496882   9.6
0656 Beagle                            7.720772  3.1501830  0.13564630 333.733207 184.611561   0.511290  10.0
0657 Gunlod                          106.649473  2.6096009  0.11575135 243.398952 298.135310  10.224795  10.9
0658 Asteria                         333.345950  2.8548212  0.06220427  58.218766 351.455008   1.513274  10.5
0659 Nestor                           69.557766  5.2176928  0.11387841 340.727457 350.995499   4.518915   9.0
0660 Crescentia                       13.681320  2.5335832  0.10422244 104.898387 157.304282  15.233288   9.1
0661 Cloelia                          95.748472  3.0135663  0.04099619 172.179884 336.302895   9.256169   9.6
0662 Newtonia                        331.189782  2.5555261  0.21267522 165.858389 134.029444   4.115614  10.5
0663 Gerlinde                          1.935154  3.0606656  0.15518272 311.272070 233.139381  17.859699   9.2
0664 Judith                          345.076715  3.1984918  0.22063400  90.939701 175.038601   8.578119  10.0
0665 Sabine                           63.991751  3.1605696  0.16092558 319.886353 299.040775  14.730491   8.1
0666 Desdemona                       145.004090  2.5938801  0.23819374 174.091432 215.705496   7.591910  10.9
0667 Denise                          137.614751  3.1812891  0.19230571 307.319715 153.415894  25.392377   8.9
0668 Dora                             71.933746  2.7928128  0.23608435 112.718068 214.792129   6.830288  11.8
0669 Kypria                          110.873682  3.0080934  0.08374147 116.454012 170.973393  10.793569  10.2
0670 Ottegebe                         29.739375  2.8023590  0.19326185 193.893946 174.920447   7.538448   9.8
0671 Carnegia                         86.083600  3.0942766  0.06516632  98.001698   0.898664   8.026931  10.0
0672 Astarte                          46.123295  2.5573916  0.13514822 309.978986 344.075729  11.143999  11.1
0673 Edda                            258.798903  2.8171470  0.00886639 238.943241 227.005071   2.870980  10.2
0674 Rachele                         287.389307  2.9284199  0.19037710  41.529186  58.332362  13.492102   7.4
0675 Ludmilla                        127.350420  2.7695410  0.20333869 152.320279 263.472757   9.800688   7.9
0676 Melitta                          76.905113  3.0551571  0.13057303 181.762581 150.641180  12.880838   9.3
0677 Aaltje                          148.390376  2.9615118  0.04434476 276.883844 273.311110   8.469137   9.7
0678 Fredegundis                     298.649737  2.5739764  0.21773460 119.639668 281.850777   6.081834   9.0
0679 Pax                             269.566421  2.5850767  0.31284838 266.335530 112.587426  24.373210   9.0
0680 Genoveva                        308.896410  3.1525930  0.28276039 241.102082  39.953110  17.789040   9.3
0681 Gorgo                            32.808581  3.1136399  0.09993645 122.038587 178.191560  12.562892  11.0
0682 Hagar                           201.901595  2.6519491  0.17513778 103.621267 191.251591  11.476080  12.2
0683 Lanzia                          179.412463  3.1218419  0.04684935 280.978439 260.003629  18.500562   8.1
0684 Hildburg                        205.512997  2.4316795  0.03681313 288.681181 336.732814   5.516923  11.4
0685 Hermia                          219.014609  2.2364620  0.19593704  80.240698 235.520246   3.644000  11.8
0686 Gersuind                        115.617477  2.5878983  0.26845726  87.415287 243.781628  15.696263   9.7
0687 Tinette                         252.846074  2.7201497  0.27415821  52.438669 334.787189  14.891052  11.7
0688 Melanie                          41.083693  2.6995551  0.13892118 139.627503 171.178963  10.254077  10.6
0689 Zita                             71.471216  2.3155910  0.22963528 188.041026 168.365307   5.739280  12.2
0690 Wratislavia                     323.882222  3.1414997  0.18686182 116.429380 253.445225  11.274216   8.0
0691 Lehigh                           30.370937  3.0115851  0.11959980 300.126849  88.505367  12.996655   9.3
0692 Hippodamia                      178.072571  3.3728479  0.17560141  56.892657  63.669967  26.116484   9.2
0693 Zerbinetta                      297.653881  2.9445407  0.02652878 284.348796 352.226447  14.192381   9.4
0694 Ekard                           151.144400  2.6723551  0.32184292 110.351828 230.781676  15.838475   9.2
0695 Bella                            17.241296  2.5391096  0.16067355  78.577729 275.993310  13.866928   9.3
0696 Leonora                         232.430288  3.1669176  0.25209506 105.250309 299.693691  13.035896   9.0
0697 Galilea                         172.717275  2.8839842  0.15249510 332.986194  15.860697  15.114922   9.6
0698 Ernestina                        88.980762  2.8673922  0.11048403  96.651006  41.161070  11.538781  10.7
0699 Hela                            265.058221  2.6161340  0.40726717  91.576526 242.786787  15.296644  11.7
0700 Auravictrix                     208.601363  2.2291049  0.10442128 101.609119  96.983000   6.787337  11.2
0701 Oriola                           24.635989  3.0132798  0.03665307 312.689307 244.300449   7.125526   9.3
0702 Alauda                          174.015604  3.1922712  0.02552566 357.896794 290.182107  20.600730   7.3
0703 Noemi                           116.573920  2.1751781  0.13731371 174.380018 213.957040   2.453329  12.1
0704 Interamnia                      142.765366  3.0645682  0.14602478  94.312513 280.689556  17.320881   6.0
0705 Erminia                         128.886052  2.9226121  0.05316387  99.672940   3.153938  25.025459   8.4
0706 Hirundo                         175.928833  2.7301481  0.19293080  30.090114 325.674720  14.448830  10.2
0707 Steina                          134.893283  2.1806389  0.10792755  90.316424 282.177430   4.270766  12.2
0708 Raphaela                        317.556070  2.6709698  0.08539308 198.137223 355.459577   3.488263  10.6
0709 Fringilla                       348.326455  2.9147758  0.11677496  18.138991 324.757234  16.304478   9.0
0710 Gertrud                         204.176795  3.1255349  0.13747455 102.468409 140.261335   1.749208  11.1
0711 Marmulla                        281.583514  2.2375762  0.19484207 299.806549 357.340657   6.092888  11.9
0712 Boliviana                        84.838475  2.5752777  0.18737081 181.353612 231.116185  12.781520   8.3
0713 Luscinia                        176.846772  3.3864154  0.17279037 132.113042 218.372396  10.266687   9.0
0714 Ulula                           318.122273  2.5345757  0.05616393 230.701791 234.166499  14.270756   9.1
0715 Transvaalia                     219.465678  2.7683000  0.08258566 299.911394  46.427017  13.828535   9.8
0716 Berkeley                        267.222110  2.8119498  0.08702109  54.728852 146.335100   8.496170  10.8
0717 Wisibada                        180.079002  3.1601034  0.24827314  23.582316 344.246676   1.647795  11.1
0718 Erida                           224.651337  3.0527614  0.20125406 175.952801  38.682137   6.931265   9.8
0719 Albert                           10.073000  2.5839057  0.54037250 151.935196 186.798228  10.814606  10.6
0720 Bohlinia                        118.699119  2.8856967  0.01831047 104.581017  36.045500   2.366511   9.7
0721 Tabora                          325.011303  3.5668565  0.11353595 356.788900  38.886703   8.334421   9.3
0722 Frieda                          104.900074  2.1713904  0.14515976 256.773460  45.885421   5.642423  12.1
0723 Hammonia                        254.615331  2.9912649  0.06189010 246.956921 163.724740   4.986744   9.7
0724 Hapag                           183.799433  2.4556800  0.24838750 205.044022 204.369088  11.711897  13.2
0725 Amanda                            5.239549  2.5731475  0.21838454 322.460547  69.007532   3.786526  11.8
0726 Joella                           62.281585  2.5656276  0.28360756 111.666489 242.680345  15.401977  10.6
0727 Nipponia                         69.512218  2.5671490  0.10496182 274.629997 133.191251  15.046268   9.6
0728 Leonisis                        195.710488  2.2547423  0.08730906  54.687139  82.793652   4.257697  12.8
0729 Watsonia                        245.827190  2.7588197  0.09634848  86.858710 124.711143  18.071698   9.3
0730 Athanasia                       226.855195  2.2428233  0.17804072 122.959832  95.261811   4.233280  14.0
0731 Sorga                           119.486599  2.9869960  0.14079595 284.801852  46.760336  10.691832   9.6
0732 Tjilaki                         110.100399  2.4582281  0.04246017  66.660827 173.471374  10.976820  10.7
0733 Mocia                            94.702627  3.3914216  0.07019438 194.901829 341.533185  20.264971   9.1
0734 Benda                            80.137955  3.1537613  0.08951234  67.610584   3.434817   5.798416   9.7
0735 Marghanna                        38.030383  2.7260718  0.32507541 309.059312  43.319251  16.827735   9.6
0736 Harvard                         136.026325  2.2020847  0.16500728 200.191464 136.065995   4.372802  11.6
0737 Arequipa                        266.082725  2.5933995  0.24061394 133.926328 185.106629  12.363071   8.8
0738 Alagasta                        353.266517  3.0342724  0.06347278  44.421930 132.414874   3.527422  10.1
0739 Mandeville                      281.996862  2.7362740  0.14311917  43.972294 136.877518  20.714093   8.5
0740 Cantabia                        349.504576  3.0499429  0.11528638  50.643206 116.283176  10.841777   9.0
0741 Botolphia                       359.476624  2.7204379  0.06895909  61.706659 100.947459   8.426413  10.4
0742 Edisona                         257.372774  3.0124940  0.11450220 287.121454  64.447685  11.222043   9.6
0743 Eugenisis                       195.997695  2.7919511  0.05962109 185.875860 229.374553   4.833561  10.0
0744 Aguntina                         10.435729  3.1693440  0.12321464  32.178997 142.837115   7.705212  10.2
0745 Mauritia                        232.054676  3.2704981  0.04209575   1.105372 126.193990  13.363315  10.3
0746 Marlu                            57.987708  3.1030265  0.24166250 308.034580   2.104737  17.521356  10.0
0747 Winchester                      244.160606  2.9906970  0.34538520 275.692474 130.253476  18.180194   7.7
0748 Simeisa                          34.099552  3.9383974  0.18959443 180.234353 265.890128   2.256897   9.0
0749 Malzovia                        103.016134  2.2444376  0.17320265 128.608819 109.947952   5.389209  11.8
0750 Oskar                           173.768909  2.4444306  0.13081573  70.471387  70.038218   3.948979  12.1
0751 Faina                           157.496860  2.5513771  0.15242327 302.709666  78.970498  15.613090   8.7
0752 Sulamitis                       112.720856  2.4620652  0.07483764  24.712627  85.298639   5.952471  10.1
0753 Tiflis                          316.958567  2.3301423  0.21937152 202.781375  61.548804  10.082737  10.2
0754 Malabar                         151.733866  2.9850822  0.05318115 297.847635 180.362241  24.547108   9.2
0755 Quintilla                       340.787083  3.1683618  0.15171262  42.889011 177.484763   3.232962   9.8
0756 Lilliana                        220.544441  3.1946838  0.14632984   7.256071 208.191265  20.358820   9.6
0757 Portlandia                      153.922364  2.3728536  0.10890315  44.356214  22.625248   8.173770  10.2
0758 Mancunia                        194.724962  3.1869976  0.15110482 318.236912 106.375425   5.602667   8.2
0759 Vinifera                         17.847338  2.6185857  0.20738517   1.315612 318.655847  19.939570  10.5
0760 Massinga                        209.634828  3.1655930  0.22293822 200.063026 332.008739  12.506367   8.0
0761 Brendelia                       212.499916  2.8642479  0.06163780 297.870842  24.147440   2.163769  10.8
0762 Pulcova                         272.141568  3.1592758  0.09540542 186.963677 306.085873  13.049476   8.3
0763 Cupido                           89.058696  2.2408501  0.16576414  88.454835 290.143656   4.082693  12.5
0764 Gedania                         300.202158  3.1899650  0.11117144 154.606339 259.574690  10.061260   9.5
0765 Mattiaca                        287.798795  2.5462086  0.28209958  70.346791 327.009075   5.568481  12.4
0766 Moguntia                        357.447024  3.0212977  0.08867237  70.511276   8.095037  10.094119  10.2
0767 Bondia                          156.764430  3.1246279  0.17799287 263.093243  80.163342   2.421650  10.0
0768 Struveana                        56.861123  3.1516250  0.20081441  14.602383  39.316818  16.192016  10.2
0769 Tatjana                          18.059546  3.1837477  0.17627576 256.166058  38.759369   7.354120   8.9
0770 Bali                            194.838071  2.2204537  0.15121682  17.903138  44.851121   4.388728  10.9
0771 Libera                          202.279088  2.6514666  0.24595028 227.243792 218.338600  14.940565  10.5
0772 Tanete                          356.784340  3.0004138  0.09543920 142.201357  64.142265  28.822426   8.3
0773 Irmintraud                      312.371819  2.8581146  0.07797090 333.016677 322.734451  16.664413   9.1
0774 Armor                            94.165434  3.0439906  0.17148957  30.226049 250.386927   5.560476   8.6
0775 Lumiere                          64.798091  3.0118447  0.07325567 172.304502 298.079109   9.285311  10.4
0776 Berbericia                       23.438765  2.9323192  0.16252498 304.848394  80.131618  18.206234   7.7
0777 Gutemberga                      168.254319  3.2418083  0.09689020 255.294606 284.433683  12.983104   9.8
0778 Theobalda                       328.161177  3.1993623  0.24237981 131.311792 322.683197  13.591275   9.7
0779 Nina                            289.170225  2.6659708  0.22424834  49.312588 283.970976  14.558922   8.3
0780 Armenia                         240.096209  3.1169223  0.09003349 217.256400 145.231169  19.055118   9.0
0781 Kartvelia                        14.937473  3.2272379  0.10464961 158.667023 138.636843  19.180254   9.4
0782 Montefiore                       90.939019  2.1794427  0.03927613  80.638375  80.615202   5.261247  11.5
0783 Nora                             99.044169  2.3415751  0.23002530 153.822377 142.346820   9.319202  10.6
0784 Pickeringia                      89.510848  3.1077281  0.23662984 239.360967  15.101131  12.281947   9.0
0785 Zwetana                         131.429933  2.5746048  0.20757943 129.471622  72.406439  12.699100   9.5
0786 Bredichina                      310.163962  3.1675610  0.17005397 134.337465  90.051446  14.567789   8.7
0787 Moskva                          212.389188  2.5395465  0.12839716 124.330238 184.307026  14.839072   9.9
0788 Hohensteina                      85.132454  3.1367937  0.12001473  42.960520 178.460013  14.355163   8.3
0789 Lena                             28.519582  2.6871588  0.14452972  42.828033 232.931878  10.780160  10.9
0790 Pretoria                        131.497948  3.4071141  0.15122625  41.166747 252.212145  20.551027   8.0
0791 Ani                              39.554218  3.1145603  0.20114055 202.573139 130.151798  16.389662   9.3
0792 Metcalfia                       223.738402  2.6247110  0.13211746 226.792129 265.546925   8.599715  10.3
0793 Arizona                          58.547296  2.7946675  0.12485441 307.759523  36.266070  15.788530  10.3
0794 Irenaea                          44.591621  3.1346009  0.29456037 132.565062 160.538449   5.413440  11.1
0795 Fini                            278.385583  2.7508101  0.10035712 189.689585  17.614617  19.024064   9.7
0796 Sarita                          220.350281  2.6357124  0.31987665 329.755499  33.413896  19.069021   9.1
0797 Montana                          61.147969  2.5352957  0.05832863 351.854399 238.655500   4.488382  10.3
0798 Ruth                            158.838276  3.0117286  0.04274506  46.836154 214.588594   9.225155   9.4
0799 Gudula                          330.013621  2.5424519  0.02327645 234.954185 164.957868   5.277655  10.3
0800 Kressmannia                     113.199193  2.1922668  0.20173839 346.945718 325.384047   4.264682  11.6
0801 Helwerthia                      300.922641  2.6052142  0.07606581 334.899986 186.210343  14.092806  11.6
0802 Epyaxa                          262.053510  2.1964662  0.07852841 115.733286   7.977491   5.207492  12.6
0803 Picka                            28.316634  3.2046896  0.06516241  70.242902 251.419642   8.666846   9.6
0804 Hispania                        358.421983  2.8391761  0.14166035 343.665385 347.935107  15.389438   7.8
0805 Hormuthia                        69.744394  3.1920226  0.18779785 134.191376 166.557391  15.721623   9.8
0806 Gyldenia                        206.835735  3.2231403  0.06811590 109.117659  44.652760  14.206906  10.6
0807 Ceraskia                         20.941322  3.0184734  0.06398612 343.308445 132.429026  11.310729  10.6
0808 Merxia                           20.431246  2.7447567  0.12886243 274.692927 181.231885   4.713201   9.7
0809 Lundia                          351.368915  2.2834206  0.19255854 195.979084 154.725022   7.140340  11.8
0810 Atossa                          266.912960  2.1785555  0.18057039 195.549882 152.816576   2.609098  12.7
0811 Nauheima                        314.102337  2.8963260  0.07037523 180.578908 131.164307   3.132454  10.8
0812 Adele                            29.996792  2.6583710  0.16714458 351.860723   7.457828  13.326253  11.5
0813 Baumeia                           8.868741  2.2234541  0.02598848 314.491903  52.081400   6.299435  11.7
0814 Tauris                          276.246927  3.1482874  0.31023603 297.470903  88.890433  21.833043   8.7
0815 Coppelia                         15.742956  2.6589488  0.07530817  57.823440  57.410831  13.875493  10.7
0816 Juliana                         290.844664  3.0020188  0.10732113  23.789101 128.024731  14.329410  10.5
0817 Annika                          330.379537  2.5907760  0.17816419 284.389190 125.809318  11.351902  10.8
0818 Kapteynia                       319.792283  3.1692614  0.09925413 297.822757  71.185325  15.659205   9.1
0819 Barnardiana                     346.632786  2.1974895  0.14107160 305.951594 333.420974   4.900439  11.9
0820 Adriana                         200.918606  3.1288798  0.05650986 182.058513 118.781661   5.946969  11.0
0821 Fanny                           244.183189  2.7745674  0.21016946  32.948286 210.114848   5.377989  11.9
0822 Lalage                          175.426799  2.2548525  0.15582878 246.418504 210.516776   0.712644  12.2
0823 Sisigambis                       11.490853  2.2213266  0.09025754 218.762801 255.275115   3.643055  11.2
0824 Anastasia                       133.876805  2.7922699  0.13604004 140.733329 141.813157   8.123468  10.4
0825 Tanina                          259.200592  2.2256323  0.07545029 111.093166 101.542108   3.399717  11.5
0826 Henrika                          89.090978  2.7149613  0.20247979  35.808072 230.484357   7.103552  11.3
0827 Wolfiana                        294.065703  2.2740709  0.15679142 195.296456 173.074705   3.416629  13.2
0828 Lindemannia                     196.135510  3.1895019  0.04002960 288.902463   2.101477   1.141490  10.3
0829 Academia                        223.230846  2.5792733  0.09976766  41.425469 352.818976   8.303890  10.7
0830 Petropolitana                    22.616264  3.2106368  0.06062094  75.942610 341.434691   3.828155   9.1
0831 Stateira                        274.599623  2.2120451  0.14632746 224.711800 178.248983   4.833368  12.8
0832 Karin                           300.315788  2.8637206  0.08285210 119.999685 254.956488   1.000188  11.2
0833 Monica                          211.924360  3.0081884  0.12219356  38.849570 353.424542   9.795869  11.3
0834 Burnhamia                       255.944972  3.1653602  0.21709644  88.454632 183.816936   3.946493   9.4
0835 Olivia                           85.772606  3.2148814  0.09734984  57.090818 309.995057   3.707955  11.9
0836 Jole                             68.085733  2.1899734  0.17625222 179.338863 199.973596   4.841664  13.6
0837 Schwarzschilda                  154.703377  2.2985507  0.04045080 173.075224 200.197433   6.730577  11.8
0838 Seraphina                       215.900227  2.8992065  0.13192013 117.908531 240.386971  10.421382  10.1
0839 Valborg                         165.940701  2.6143208  0.15315095 337.959787 338.419340  12.587125  10.2
0840 Zenobia                         346.929284  3.1373099  0.08622230   5.363868 273.549426   9.912915   9.3
0841 Arabella                        310.216622  2.2547725  0.06910652 120.495880 354.926483   3.795933  12.9
0842 Kerstin                          75.734135  3.2259666  0.13022126 350.503257   6.020248  14.601140  10.8
0843 Nicolaia                        301.209920  2.2788288  0.20971205 316.676803   4.308480   7.997837  13.6
0844 Leontina                        167.948568  3.2012820  0.07557729 342.098874 349.038125   8.814274   9.4
0845 Naema                           144.843590  2.9399443  0.06554302 291.236991  43.504360  12.613531   9.7
0846 Lipperta                        287.099414  3.1190107  0.18892518 129.115839 263.437736   0.264950  10.3
0847 Agnia                           247.878137  2.7810902  0.09601384 129.177367 271.427665   2.477477  10.3
0848 Inna                             55.368798  3.0995835  0.17429605 125.411510 208.229350   1.044537  10.9
0849 Ara                             354.124573  3.1633240  0.18622680  63.997356 228.696642  19.456309   8.1
0850 Altona                          244.945113  2.9974954  0.13091217 131.274606 121.582505  15.505373   9.6
0851 Zeissia                         305.688755  2.2279167  0.09038398   7.500103 141.295712   2.390358  11.6
0852 Wladilena                       156.787170  2.3629405  0.27311880 282.035250  27.569061  23.038894   9.9
0853 Nansenia                        106.588375  2.3132956  0.10610904  59.999477 183.080974   9.210122  11.7
0854 Frostia                         145.153593  2.3670528  0.17530864  83.022098 190.995424   6.087768  12.1
0855 Newcombia                       200.254013  2.3604103  0.18047732 232.895059  17.466893  10.911894  11.8
0856 Backlunda                       222.040853  2.4348688  0.11897430  74.115901 125.654838  14.311685  10.7
0857 Glasenappia                      26.416013  2.1908676  0.08898458 238.756765  83.074690   5.301192  11.3
0858 El Djezair                      163.728103  2.8084222  0.10445980 177.045066  67.387881   8.880135  10.0
0859 Bouzareah                        46.917327  3.2269100  0.10495640  12.089900  36.065314  13.547631   9.6
0860 Ursina                          296.843664  2.7956805  0.10661223  21.066564 309.732778  13.306699  10.3
0861 Aida                             29.776528  3.1450210  0.10309112 198.988881 115.242157   8.050471   9.6
0862 Franzia                         174.953650  2.8028292  0.08301991 120.105863 300.339453  13.883022  10.6
0863 Benkoela                        356.691863  3.1991188  0.04151794  95.938945 117.155673  25.407685   9.0
0864 Aase                            145.912589  2.2086992  0.19027191 193.605793 163.299264   5.446113  12.9
0865 Zubaida                         255.784694  2.4195111  0.19383745 300.465406 177.309240  13.307891  11.9
0866 Fatme                            51.208109  3.1203846  0.06337367 258.411567  91.439708   8.643336   9.2
0867 Kovacia                          80.644309  3.0631813  0.13251685  72.743171  47.016404   5.987192  11.3
0868 Lova                            250.987575  2.7022158  0.14949548 286.429982 116.100556   5.828088  10.2
0869 Mellena                         105.157423  2.6923470  0.21598682 106.353330 155.414673   7.842549  12.4
0870 Manto                           275.073264  2.3216372  0.26569043 196.578835 120.994661   6.198363  13.1
0871 Amneris                         176.696709  2.2216316  0.12033208  66.044046 158.183531   4.249806  12.1
0872 Holda                             7.003839  2.7305257  0.08099151  17.735633 195.137567   7.377259   9.9
0873 Mechthild                       358.770979  2.6268694  0.14708557 107.475868 150.602005   5.266090  11.5
0874 Rotraut                         198.657031  3.1533804  0.07387386  14.699580 190.912332  11.151963  10.0
0875 Nymphe                          249.760818  2.5541754  0.14826876 116.541092 196.456596  14.594089  11.5
0876 Scott                           111.050664  3.0114505  0.10873803 207.435408 151.310438  11.351060  10.9
0877 Walkure                          12.162192  2.4862757  0.15920186 275.803665 116.486410   4.257800  10.7
0878 Mildred                         206.085668  2.3608992  0.22669519 189.637818 172.922218   2.058944  15.0
0879 Ricarda                         352.914876  2.5316442  0.15533309  95.599107 270.327686  13.683317  11.9
0880 Herba                           170.268058  3.0091119  0.31640732 100.878187 263.075738  15.140727  11.5
0881 Athene                           54.073642  2.6112680  0.20892142  41.149602 277.439508  14.199868  10.3
0882 Swetlana                        167.522792  3.1397939  0.25689926 126.691807 256.811457   6.116872  10.5
0883 Matterania                       69.404801  2.2377296  0.19881003  41.819012 285.779676   4.719092  12.6
0884 Priamus                          15.044530  5.1540325  0.12256892 332.964753 301.745341   8.923147   8.8
0885 Ulrike                          305.153654  3.0914319  0.18807766 206.659084 149.187854   3.302615  10.7
0886 Washingtonia                    154.789923  3.1836054  0.26228823 297.548034  60.579642  16.727945   8.7
0887 Alinda                           77.418604  2.4854984  0.56272333 350.054587 110.716752   9.303285  13.8
0888 Parysatis                        46.614136  2.7095594  0.19244501 297.776148 124.290370  13.860150   9.5
0889 Erynia                           83.784505  2.4473842  0.20409832 277.262005 132.939549   8.084738  11.1
0890 Waltraut                         22.964991  3.0224194  0.05150384  84.875965 161.207178  10.870153  10.8
0891 Gunhild                          39.676433  2.8593360  0.02619868 295.266854 106.137498  13.549807   9.9
0892 Seeligeria                       42.162330  3.2336245  0.09425694 288.492175 176.082197  21.309809   9.5
0893 Leopoldina                      247.940389  3.0500245  0.14861472 225.451281 145.275706  17.016306   9.5
0894 Erda                            160.113595  3.1126952  0.12094041 113.478142 190.979680  12.702587   9.4
0895 Helio                           182.388184  3.1986448  0.14849790 180.756938 264.850438  26.059875   8.3
0896 Sphinx                           89.535304  2.2857959  0.16411351   1.666906 254.376397   8.190291  11.8
0897 Lysistrata                      285.290507  2.5420013  0.09273535  21.878561 258.118675  14.316594  10.4
0898 Hildegard                       269.175894  2.7329918  0.36802723  48.370249 242.336213  10.150480  12.0
0899 Jokaste                           0.971001  2.9072363  0.20129195 125.620110 252.934577  12.432772  10.1
0900 Rosalinde                       207.963938  2.4743878  0.16049313 120.642413 182.728678  11.559883  11.7
0901 Brunsia                          30.102093  2.2241849  0.22123383  67.684189 265.450626   3.447710  11.4
0902 Probitas                        291.009016  2.4459816  0.17874583  27.960996 353.198370   6.357752  12.3
0903 Nealley                         187.865264  3.2411249  0.03219019 241.708081 159.932887  11.719526   9.8
0904 Rockefellia                      91.376376  2.9931504  0.09035892 254.927151 198.366648  15.162764   9.9
0905 Universitas                      68.936165  2.2158731  0.15298194 342.774846  37.323932   5.328262  11.6
0906 Repsolda                        122.489418  2.8939653  0.08361337 292.162561  40.526456  11.786488   9.5
0907 Rhoda                           300.081810  2.7984842  0.16215873  88.479298  43.234387  19.563351   9.8
0908 Buda                            129.257806  2.4722100  0.14779765  24.126697  85.759955  13.390676  10.7
0909 Ulla                             75.447609  3.5387498  0.10193537 235.524835 146.687722  18.757548   9.0
0910 Anneliese                       208.266268  2.9219479  0.15714847 205.383866  50.366049   9.255558  10.3
0911 Agamemnon                         7.640553  5.2340635  0.06759283  79.780108 337.998613  21.810042   7.9
0912 Maritima                        191.153362  3.1236287  0.18735240  86.461149  34.824923  18.296051   8.4
0913 Otila                            69.236647  2.1977284  0.17096000 188.443891  95.092259   5.806373  11.9
0914 Palisana                        184.574332  2.4579558  0.21195339  48.160039 255.980721  25.247483   8.8
0915 Cosette                           3.871684  2.2275317  0.13921814  38.988701   9.512759   5.553139  11.7
0916 America                         257.491786  2.3641954  0.23594759  41.176892 329.983003  11.118440  11.2
0917 Lyka                            196.316011  2.3818686  0.20125257 359.508698 343.706870   5.141755  11.0
0918 Itha                             89.876481  2.8642564  0.18879504  14.224529 330.868250  12.100246  10.7
0919 Ilsebill                        107.774423  2.7729400  0.08342660 154.862262 230.231667   8.148037  11.3
0920 Rogeria                         105.481686  2.6223351  0.10487695 268.604621 193.151471  11.590672  11.2
0921 Jovita                           20.015491  3.1901773  0.16601597  70.673787 205.360522  16.298849  10.6
0922 Schlutia                        326.057520  2.6890743  0.19222386 126.987340 205.495444   7.304023  11.7
0923 Herluga                         203.632970  2.6137690  0.19749819 200.730696 197.863658  14.508398  11.5
0924 Toni                            228.213462  2.9370424  0.15677819 220.625546 150.695260   8.985216   9.4
0925 Alphonsina                      225.554031  2.7023018  0.07944224 201.153052 299.873141  21.073153   8.3
0926 Imhilde                          12.061776  2.9832529  0.18018586 171.626349  49.576325  16.333434  10.3
0927 Ratisbona                       183.243159  3.2469057  0.07718538 157.790517   8.314924  14.510705   9.5
0928 Hildrun                          24.865072  3.1341154  0.15164962  24.387922 129.984474  17.646979  10.1
0929 Algunde                          55.649084  2.2392070  0.11292513  22.613966 231.629310   3.908393  12.1
0930 Westphalia                      113.959475  2.4306350  0.14364198 328.819937 341.223806  15.303843  11.4
0931 Whittemora                       33.310782  3.1852060  0.21939797 312.006565 112.164815  11.415282   9.3
0932 Hooveria                         38.323855  2.4199936  0.08977167  48.558174  15.298907   8.129836  10.0
0933 Susi                            205.124908  2.3712968  0.16313766  12.531589 141.596429   5.531528  11.8
0934 Thuringia                       344.007797  2.7488336  0.21776209  63.245470 325.908547  14.110355  10.3
0935 Clivia                          150.633882  2.2189804  0.14594916  58.024054 346.668013   4.028734  12.9
0936 Kunigunde                        21.523261  3.1343428  0.17868831 256.727360  62.291858   2.370820  10.0
0937 Bethgea                         145.217248  2.2315899  0.21718709  71.829366 243.917010   3.695710  11.8
0938 Chlosinde                       293.474027  3.1547511  0.19005632 228.453053 119.244238   2.665621  10.8
0939 Isberga                          58.080298  2.2465297  0.17696205   5.595080 327.345726   2.588361  12.1
0940 Kordula                         213.149162  3.3591858  0.17728271 272.403733  68.609716   6.212449   9.6
0941 Murray                          262.822074  2.7819653  0.19748697 334.594280  52.613960   6.639629  11.6
0942 Romilda                         288.559741  3.1509332  0.17797996 321.734033  71.643476  10.582003  10.3
0943 Begonia                         319.760228  3.1233247  0.20534173   4.400286 114.089317  12.083020   9.8
0944 Hidalgo                         189.377020  5.7599989  0.65904021  56.328807  21.691616  42.560648  10.8
0945 Barcelona                        36.619918  2.6381495  0.16219235 161.416808 318.434611  32.838610  10.1
0946 Poesia                           35.828293  3.1221332  0.13892169  40.527761  69.743437   1.433605  10.4
0947 Monterosa                        76.558973  2.7536946  0.24718026 338.094558  48.598470   6.698580   9.8
0948 Jucunda                         224.348257  3.0380739  0.15768031 163.827377 357.357724   8.661009  11.3
0949 Hel                             280.319427  2.9959927  0.20033536 249.253383 321.633061  10.700658   9.7
0950 Ahrensa                          73.805675  2.3707842  0.15991795 347.114705 181.943768  23.483797  11.6
0951 Gaspra                          292.983655  2.2094583  0.17380707 129.414402 253.358511   4.101997  11.5
0952 Caia                            302.130498  2.9815787  0.25181615 355.138172  18.809947  10.056454   9.2
0953 Painleva                        150.108142  2.7864767  0.19038110 259.657155  36.714570   8.661721  10.3
0954 Li                              303.325595  3.1429355  0.15794112 151.938696 163.497122   1.160505   9.9
0955 Alstede                         177.470155  2.5913883  0.29275330 282.446250 351.702132  10.679964  11.1
0956 Elisa                            33.516515  2.2981911  0.20493433 124.774277 192.954521   5.955839  12.6
0957 Camelia                          57.004473  2.9197647  0.08395800 225.697862 233.116982  14.777369   9.7
0958 Asplinda                        239.042059  3.9743939  0.18589122  95.402163 343.811081   5.648494  10.7
0959 Arne                            141.082654  3.1951665  0.20681349 332.620441  59.245398   4.488550  10.2
0960 Birgit                          305.112019  2.2479309  0.16551199  87.635139 249.494081   3.023653  12.9
0961 Gunnie                          199.646667  2.6934032  0.09244563 283.405741  27.008358  10.985432  11.3
0962 Aslog                           192.609486  2.9066177  0.09779331 225.449766 145.787795   2.596560  11.5
0963 Iduberga                        247.403676  2.2474168  0.13815494   4.994281  62.647989   7.987600  12.5
0964 Subamara                        127.525578  3.0546860  0.11300679  11.434260  31.052589   9.046607  10.9
0965 Angelica                        190.483058  3.1418980  0.28777788  47.526643  41.617319  21.494988   9.8
0966 Muschi                          205.032211  2.7186021  0.13025190 178.385327  72.753973  14.403927   9.9
0967 Helionape                       120.131234  2.2251209  0.16845782 231.381277  82.530614   5.416534  12.1
0968 Petunia                         192.074911  2.8715366  0.13533260 296.824920 209.156581  11.558639  10.0
0969 Leocadia                        320.053421  2.4628843  0.20447661  90.259567 288.399013   2.301111  12.6
0970 Primula                         254.925846  2.5601606  0.27007590  93.543619 311.771334   5.039669  12.4
0971 Alsatia                         279.277837  2.6428067  0.16107539   5.995830  83.793514  13.760754  10.1
0972 Cohnia                          160.195474  3.0685337  0.22592852  93.679979 281.958189   8.372633   9.5
0973 Aralia                          130.519778  3.2166333  0.10651965  91.808050 348.746166  15.790194   9.6
0974 Lioba                            92.891227  2.5338597  0.11026675 302.110325  86.817270   5.464849  10.3
0975 Perseverantia                    80.725339  2.8342906  0.03437658  57.598573  38.988981   2.562350  10.4
0976 Benjamina                       124.547265  3.2083400  0.09808782 304.258667 245.597247   7.573340   9.2
0977 Philippa                        344.174399  3.1176704  0.02850302  90.759803  76.095442  15.197806   9.7
0978 Aidamina                         24.733581  3.1913184  0.23903154 133.690163 216.762229  21.672750   9.7
0979 Ilsewa                          166.480985  3.1589115  0.13694983 108.019089 231.870444  10.056355   9.8
0980 Anacostia                       324.359834  2.7402394  0.20309757  69.953937 286.140957  15.889072   7.9
0981 Martina                         298.254654  3.0964683  0.20140312 300.590448  46.193382   2.069733  10.6
0982 Franklina                         6.623985  3.0758026  0.22787299 352.124033 299.578785  13.620288   9.9
0983 Gunila                          241.688528  3.1570155  0.09883194 350.985475 251.087403  14.864017   9.6
0984 Gretia                           37.558294  2.8029830  0.19622338  54.054178 314.708397   9.120014   9.0
0985 Rosina                          275.373741  2.2994481  0.27696023  58.965515 290.709886   4.066789  12.7
0986 Amelia                          230.839422  3.1447010  0.19268116 266.784212  92.822951  14.790408   9.4
0987 Wallia                          239.963058  3.1600769  0.22020691  15.020187 323.351469   8.834521   9.3
0988 Appella                         187.964821  3.1559594  0.22627080 337.795652  42.127580   1.579028  11.2
0989 Schwassmannia                   156.548889  2.6584932  0.25278481 165.503243 243.616841  14.726315  11.8
0990 Yerkes                          165.945150  2.6708755  0.21409236   8.902458 354.256088   8.771911  11.5
0991 McDonalda                       271.908511  3.1527544  0.14272768 250.819322  63.836186   2.091145  11.1
0992 Swasey                          338.402705  3.0239415  0.09411526 343.709587 212.644574  10.866832  10.8
0993 Moultona                        249.785675  2.8617574  0.04850484 246.069690 184.557618   1.769951  11.8
0994 Otthild                          96.255611  2.5293144  0.11554231 340.897702   2.605219  15.377894  10.3
0995 Sternberga                      208.667208  2.6165165  0.16561559 121.884765 222.103781  13.068063  10.3
0996 Hilaritas                       334.221882  3.0915382  0.13615297 149.080689 347.764731   0.664436  10.9
0997 Priska                           65.050940  2.6699945  0.18220245  51.878809 247.344163  10.481337  12.0
0998 Bodea                           172.920876  3.1312426  0.20167576  72.041431 301.521250  15.492214  11.9
0999 Zachia                          251.533220  2.6133333  0.21490926 128.174586 215.229918   9.769153  11.1
1000 Piazzia                         102.660540  3.1847072  0.25072846 281.570904 323.998538  20.543404   9.6