4501 Eurypylos                         1.153683  5.1597938  0.05420783 178.366219 244.269145   8.323549  10.3
4502 Elizabethann                    121.229469  2.6424366  0.09584657 333.764507 170.034909  13.323459  11.7
4503 Cleobulus                       317.689131  2.6999019  0.52669705  76.125218  46.250171   2.519169  15.6
4504 1989 YO                          37.769672  2.6004345  0.13220532 226.920095 180.931258  14.818207  13.4
4505 Okamura                         235.382922  3.0143491  0.04511178  17.269030 119.436454  11.821566  11.1
4506 Hendrie                         187.156042  2.8810168  0.01694015 170.094735  63.903996   3.010103  12.3
4507 1990 FV                         284.592701  2.8675200  0.01034861 104.789282  47.693959   2.670606  11.8
4508 Takatsuki                       153.746475  2.1954485  0.08491274 147.371716  92.988059   1.981568  13.5
4509 A917 SG                         216.889605  2.7641600  0.26989720 175.662798 184.653873  10.905246  12.3
4510 Shawna                          297.335996  2.3593867  0.13916715 338.199519   3.607689   7.045840  13.2
4511 Rembrandt                       357.068903  2.3991217  0.25307629 302.946711   0.481421  22.746324  12.2
4512 Sinuhe                          328.390452  2.7655495  0.20670442 357.415565 119.751927  10.320924  11.9
4513 1971 QW1                        349.468235  3.0244148  0.07681539 199.530097 209.162152   9.937926  11.6
4514 1972 HX                         125.263475  2.3468982  0.15052087  88.402667 110.586269   7.964677  13.4
4515 1973 SD6                        154.926675  2.4132899  0.15370137 103.014923 338.192332   1.970101  13.4
4516 1973 SN6                          3.353309  2.7778566  0.01185840 313.007304 174.976793   4.671289  12.6
4517 1975 SV                         107.068449  2.1571083  0.17452699 283.969791  32.319190   4.199595  13.4
4518 Raikin                           57.697589  2.3178431  0.09896958  97.935839 168.121143   6.996298  13.8
4519 Voronezh                        286.449996  2.2028792  0.05982624 185.636116 162.704959   3.204679  13.3
4520 Dovzhenko                        22.107274  2.2741244  0.22006689 258.119834  94.553779   4.263902  13.0
4521 Akimov                          125.735453  3.1154297  0.08894262 217.319659  48.222754  14.392094  11.5
4522 Britastra                       186.336577  2.6715032  0.20326772 228.398434 132.117373  12.502147  12.1
4523 1981 DM1                        348.564037  2.6839021  0.13759950 316.233337 210.475582  11.056432  12.3
4524 1981 RV4                        296.485717  2.3202778  0.13287139 149.070511 177.365127   7.275531  13.2
4525 1982 JB3                         77.777825  2.5743618  0.19906549  30.213078  73.104203  13.544852  13.0
4526 Konko                           305.312912  2.6309639  0.11562350 101.334825 101.672674  14.164075  12.2
4527 Schoenberg                      275.957361  2.2371753  0.21105525 171.866435 146.210295   4.236798  14.0
4528 Berg                            106.353664  2.5508502  0.13448529 316.255732 161.766899   8.710620  12.3
4529 Webern                          278.862079  3.0135762  0.05445263   9.991762 132.017566  10.999571  12.1
4530 Smoluchowski                    197.597709  3.1235135  0.09021168  16.316816 165.092445   5.204460  12.0
4531 Asaro                           102.207858  1.8619407  0.04074682 142.606575  15.199484  23.979968  14.9
4532 Copland                         217.804541  2.9922735  0.04375984 356.935009 200.079326  10.130553  12.1
4533 Orth                            161.063691  2.3679498  0.24638181 292.147654 178.706107  22.654186  12.8
4534 Rimskij-Korsakov                244.662116  2.7974194  0.17877409 310.998112 313.589166   7.247782  12.3
4535 1986 QV2                        274.750808  2.7884336  0.15985780  98.668728 138.064965   7.750346  12.4
4536 1987 DA6                        143.050025  2.1961874  0.08268425 236.812453 313.815980   4.178033  13.3
4537 Valgrirasp                      214.816596  3.0096679  0.02951906 304.066799 228.174381   8.759734  12.1
4538 1988 TP                         211.678330  2.4243121  0.15349028 162.861928 219.439107   3.940993  13.3
4539 Miyagino                        124.543492  2.6724364  0.06854557 109.028355 256.539942   5.710910  12.5
4540 Oriani                          358.399576  2.6692941  0.17363155 259.624601 247.097756   6.364045  12.1
4541 Mizuno                          233.146857  2.3794326  0.02075979  20.769157  66.219168   4.782584  12.7
4542 Mossotti                        175.779601  3.0085719  0.05924180 147.628545 104.593123  11.305135  11.0
4543 Phoinix                           4.691094  5.0823874  0.09776456  84.044463 325.403241  14.742591   9.7
4544 Xanthus                          97.990179  1.0419908  0.25027007 333.627951  24.115833  14.147759  17.1
4545 1989 SB11                       137.797501  3.1356016  0.14312475  74.069399  36.877724   1.816595  11.5
4546 Franck                          170.402588  2.3548816  0.06378482 267.168075 194.954098   6.098788  13.6
4547 Massachusetts                   153.853633  2.6142322  0.06860420  37.679853 358.615981  18.008608  11.0
4548 Wielen                          111.087586  2.2862950  0.06369768 201.810409  26.426682   8.289150  13.7
4549 Burkhardt                       118.521365  2.4369470  0.15280316  52.256696  32.658593   2.837063  14.3
4550 1977 HH1                        221.143507  3.1256334  0.20650110 308.719462  16.821743   0.267305  12.8
4551 Cochran                         357.278304  2.4284144  0.26841883 160.867790 148.389213  12.135093  14.0
4552 Nabelek                         191.697346  2.1533630  0.15488059 318.720206 350.478423   2.234297  13.7
4553 Doncampbell                     317.837040  2.6175961  0.13765622 113.350679 169.150271  12.911340  12.8
4554 Fanynka                         142.979105  3.1830012  0.12028642   8.740797 255.796692   9.216530  11.4
4555 1987 QL                         100.353164  2.2569302  0.19938254 141.442076 158.504646   7.384387  13.7
4556 Gumilyov                         47.715167  2.3106252  0.14501011 213.139707 111.993956   4.750490  13.1
4557 Mika                            287.424975  3.0223529  0.04642786  43.048029 113.309113  11.290094  11.7
4558 Janesick                          8.957097  2.1979393  0.36251898  93.985771 255.169924  22.184749  12.2
4559 Strauss                          46.956999  3.0197176  0.10741857 238.818697 120.542055  11.141649  12.3
4560 Klyuchevskij                    143.702616  2.9981920  0.05053858  65.259905 286.005164   9.050172  11.9
4561 Lemeshev                        247.771542  2.5736408  0.15598334  54.329681  10.369793   9.518623  13.4
4562 1979 UD2                         11.252257  2.4724385  0.14196905  36.404625 264.507991   3.417779  13.0
4563 Kahnia                           82.201045  2.2533950  0.16201060 228.485500 132.113242   4.763202  13.3
4564 1981 ET16                       348.103748  2.5666701  0.19782790  95.205101 194.301039  13.293095  13.3
4565 1981 EZ17                        46.201131  2.5665444  0.12958036  35.676124 174.845990  14.774671  13.0
4566 1981 WM4                        194.856856  2.8359130  0.21293135 120.901869 252.909762  10.771270  12.3
4567 Becvar                          315.782443  2.5844477  0.20016251 141.754967 181.805653  13.113225  13.3
4568 Menkaure                         34.977275  3.0340164  0.05447811 225.004583   7.566902  10.697379  11.9
4569 Baerbel                          31.408061  2.5843451  0.06197534  29.441054 205.801500  14.508545  11.8
4570 Runcorn                         107.054725  2.1987847  0.10845198 208.240278 349.436098   5.023231  13.0
4571 Grumiaux                        118.034045  3.1593610  0.17800867 171.691086 167.172018   1.492420  12.0
4572 Brage                             1.438313  2.5946485  0.15465649  75.672737 192.966383  12.019372  12.8
4573 Piestany                        295.672469  3.0380124  0.07210525 251.224573 299.604951   9.421531  11.7
4574 Yoshinaka                       114.469094  3.0029055  0.09285847 103.514030 280.490616   8.712162  11.6
4575 Broman                          104.804784  3.0018177  0.04057465  57.606021 149.276818  10.918943  11.4
4576 1988 CC                          99.479397  2.9976008  0.11651160 219.186964 168.174340  10.413818  11.4
4577 Chikako                          63.879356  2.6251895  0.28745642  63.588114  58.451552   9.418397  12.2
4578 Kurashiki                        11.150444  2.7164414  0.24443666   3.588899 129.882504   5.262176  13.4
4579 Puccini                          86.858680  2.4009112  0.15351387 140.539653 111.483589   2.213330  13.7
4580 Child                            68.790972  2.6358424  0.10577200  14.522676 169.905030  13.913118  11.8
4581 Asclepius                        58.445528  1.0224537  0.35700507 255.051646 180.521301   4.906810  20.4
4582 Hank                              3.329345  2.6741974  0.14948449 119.927746 108.825446  12.467901  13.0
4583 1989 RL4                        194.282496  2.3534779  0.19084063 141.916706 164.733924   3.741968  13.2
4584 Akan                            341.078158  2.7911052  0.19853156  64.806594  25.755264   7.698565  12.4
4585 Ainonai                         277.805913  2.7312506  0.23988394 183.060888  83.246642  10.583951  12.8
4586 Gunvor                          147.627280  2.3056689  0.07814216 303.904793 200.513832   5.149194  13.8
4587 Rees                            301.984010  2.6547465  0.50960285  82.736183 181.541398  24.698858  15.6
4588 1931 EE                         166.195084  2.9429820  0.09976400 121.970602 334.127937   9.756515  11.8
4589 McDowell                         12.539665  2.4340890  0.18605146 150.874259 200.333867   2.261687  13.8
4590 1968 OG1                        142.059745  2.3741815  0.18083933  44.994792 168.440639  12.451180  13.1
4591 1975 VZ                         332.855731  2.4551371  0.23646671 248.004608 141.919365   2.611940  13.8
4592 1979 SQ11                       112.747929  3.1913877  0.16008134 302.741814  71.692068   0.439605  12.1
4593 Reipurth                        295.635647  3.0294995  0.11522436  47.563569 352.301578   9.506997  12.1
4594 Dashkova                        211.399714  2.1929758  0.14265346  82.679994 161.644505   4.532194  14.3
4595 1981 EZ2                         81.141483  2.5343181  0.10168031 344.857198 219.388758   8.627455  13.1
4596 1981 QB                         347.146166  2.2394410  0.51904029 248.226403 154.505262  37.119645  16.0
4597 1983 UA1                        333.850215  2.6067980  0.12343892 162.571780  70.371820   4.880506  12.1
4598 Coradini                        147.910582  3.0022754  0.10105728 187.046500 191.591644   9.900746  12.2
4599 1985 RZ2                        117.980616  3.0758771  0.16356226 257.025427 110.193242   3.457460  12.7
4600 1985 RE4                        176.074437  3.0146482  0.09141787 188.586879 138.835969  11.200594  11.3
4601 Ludkewycz                       330.076505  2.6763401  0.09897335 359.258372 177.881588  13.265217  12.4
4602 Heudier                         243.223610  2.6178688  0.16662360 163.342200 237.429631  12.386865  12.4
4603 Bertaud                         359.681447  2.6314350  0.23521906 288.671246 339.246295  12.510974  11.9
4604 1987 SK                         138.399973  2.1751403  0.12872549 354.996749   0.242848   1.413646  14.1
4605 Nikitin                          78.959586  2.2282119  0.15349953  98.788967 284.616437   2.141877  13.3
4606 Saheki                          320.519714  2.2514341  0.10179361 252.220157 241.492938   2.629062  12.7
4607 Seilandfarm                     357.692658  2.2637475  0.01946830 222.311670 250.784414   2.248120  12.5
4608 1988 BW3                          2.962175  2.3613669  0.21932372 202.277946 203.410142   7.451243  12.9
4609 Pizarro                         175.793961  3.1067608  0.11397737 114.949602 189.089249  13.340277  11.5
4610 1989 FO                          41.247554  2.4025579  0.03763132 204.918143 116.939618   3.589392  12.9
4611 Vulkaneifel                     257.621224  2.6134619  0.19504710 273.337260 116.663428  13.766674  12.5
4612 Greenstein                      160.319704  2.5551809  0.14285053  39.855129 105.891326   9.614317  12.5
4613 Mamoru                          257.330380  2.6615054  0.30468106 253.950461 145.598446   6.664228  11.8
4614 Masamura                        123.582341  2.2494726  0.21227929 142.644909 179.977993   4.802128  13.3
4615 Zinner                          315.234306  2.5978359  0.16543535 342.981360   1.886524  14.753978  12.3
4616 Batalov                          89.250701  3.1550134  0.17042329 258.543123 175.647084   1.182860  12.3
4617 1976 DK                         309.156021  3.2130818  0.06094315 275.383491 234.743301  18.645608  11.2
4618 Shakhovskoj                     288.843704  2.6250148  0.29217160  60.296078 343.574017  11.550344  12.9
4619 Polyakhova                      169.509540  2.6881043  0.03110742 197.742029 267.256104   1.811945  12.6
4620 1978 OK                         206.300515  2.2980315  0.21924412 287.303277  94.686387   4.496246  13.9
4621 Tambov                           80.788623  2.3856678  0.21273722 104.705620 193.819276   3.039115  13.4
4622 Solovjova                       104.615744  3.2038799  0.13894495 208.833458 170.613880   1.720428  12.3
4623 Obraztsova                      206.652605  2.8475549  0.07844374   1.864721   4.344107   1.746933  12.9
4624 Stefani                          69.474082  3.0530034  0.20957274  11.048245  94.482906   2.636146  12.5
4625 Shchedrin                       247.534578  2.6039299  0.23433144  13.447444  53.472463   1.606259  13.5
4626 Plisetskaya                     245.690743  2.2715376  0.08254316 165.012042  19.853166   2.827726  12.9
4627 1985 RT2                        207.362566  2.9184577  0.05731551 226.976300 105.836526   3.335635  12.4
4628 Laplace                         132.416275  2.6434305  0.11908876 247.856822 276.046339  11.776532  11.0
4629 Walford                         299.177886  2.6610812  0.20283375 291.480537  32.466754  11.921570  12.8
4630 Chaonis                         194.415130  2.6704720  0.12701971 304.663436  63.047829   5.921287  13.4
4631 Yabu                             40.038103  2.2343366  0.12337528  51.110023  25.906625   7.417515  13.1
4632 1987 YB                          98.407331  2.2062010  0.17223123 315.531568  85.458849   6.487198  13.7
4633 1988 AJ5                        229.535398  3.1804071  0.16469868  64.269325 168.274069   1.144651  12.9
4634 Shibuya                         336.410549  2.4203547  0.02907465  50.672820  18.373294   5.848849  13.3
4635 Rimbaud                         213.961216  2.4728721  0.14672418 135.790933  24.704571   5.331375  12.5
4636 Chile                           282.239646  2.6122681  0.16124381 202.620568 177.184879  13.800323  12.9
4637 Odorico                          97.634999  2.4330785  0.14709154 309.903705 272.010133   1.713817  13.1
4638 1989 EG                         302.929478  2.1931032  0.09075975 259.751616 277.490607   3.506756  14.0
4639 Minox                            21.047899  2.5585721  0.17985529 251.510202  33.422518   7.921638  13.1
4640 Hara                            330.338290  2.2514515  0.10781380 138.210935 347.962263   4.215834  13.1
4641 1990 QT3                        121.491439  2.1891915  0.17093772 283.772368 102.008886   1.652209  13.7
4642 1990 QG4                        185.956052  3.1707796  0.15748238 130.805196 149.799844   1.006140  12.1
4643 1990 QD6                         90.120963  2.3623923  0.20078130 187.344668 106.876104   1.775311  13.5
4644 Oumu                             33.739021  2.6077815  0.14029255 205.392314  48.391640  14.136832  12.1
4645 Tentaikojo                      184.608144  2.6708171  0.13473220 293.308672 179.994819   9.469646  12.0
4646 Kwee                             20.258691  2.4303059  0.19273793 350.632226 332.240810   1.917823  13.8
4647 Syuji                           240.512382  2.8975145  0.25554233 126.366865 181.524620   6.887161  12.6
4648 Tirion                          324.378077  2.3948728  0.18561015 122.337285 319.890358   9.779406  13.2
4649 Sumoto                          242.667474  2.7422400  0.12241996 313.413606  81.048947  15.420182  11.6
4650 Mori                             76.805374  2.2372377  0.14728798  91.519483 307.064817   4.746373  13.4
4651 1957 UK1                        151.331930  2.8471649  0.06107728 239.074428 182.012212   1.722902  12.8
4652 1975 QO                          79.034827  2.6458767  0.30937351  50.044966 328.148291  11.093720  13.2
4653 Tommaso                         337.576274  2.6838513  0.17419586  53.071811 205.291591  11.285002  13.0
4654 Gor'kavyj                       211.541633  2.2046212  0.16465274 245.004254  24.115987   5.536301  13.7
4655 Marjoriika                      304.984635  2.2538065  0.19063945  46.737088 314.219231   1.920331  13.6
4656 1978 VZ3                         36.143069  2.8519333  0.07120787  49.100237   6.616721   1.726826  12.8
4657 Lopez                           132.650874  3.1125811  0.17102126  39.172109 358.864565   0.288747  11.9
4658 Gavrilov                        143.070216  3.1572774  0.19522690 205.635963 153.218252   1.133093  12.4
4659 Roddenberry                      43.360541  2.3696230  0.22475367   4.860059  19.854908   2.473637  14.7
4660 Nereus                           21.467944  1.4895576  0.36027666 157.931601 314.778144   1.424139  18.2
4661 1982 WM                          33.683760  2.4344413  0.16022022 286.116868 102.611557   4.706347  13.0
4662 1984 HL                          59.528837  2.7938684  0.10819515 355.599194 158.420262   6.057071  12.3
4663 1984 SM1                        153.145837  3.2112772  0.06096179 358.123736 353.389531  14.923028  12.0
4664 Hanner                          216.911471  2.8848548  0.06626206   3.079093 335.701263   1.499753  12.6
4665 Muinonen                        221.244477  2.9700835  0.19981573  74.264570 237.725793   7.362942  12.4
4666 Dietz                           130.130212  2.3384318  0.23400816  41.372247 230.445691  24.548075  13.0
4667 1986 VC                         249.708849  2.6648818  0.09083395  24.797525   6.307114  11.250520  12.8
4668 1987 DX5                        175.470548  3.0167143  0.11667258  71.796834 309.211561   9.223173  11.7
4669 Hoder                           118.463755  2.1990867  0.18897738 261.577972 104.537923   4.485988  13.7
4670 Yoshinogawa                      23.494986  2.2407755  0.09313677 181.067230 315.098938   5.021195  14.2
4671 1988 AK1                         96.743519  2.3849470  0.06250737 331.071943 349.598909   4.812383  12.7
4672 Takuboku                        238.017246  3.1851981  0.05900945 175.109301  92.136707  15.562190  10.9
4673 Bortle                          292.472327  2.5505869  0.05677131 343.485266 104.662063  16.222849  11.8
4674 Pauling                         314.076850  1.8586134  0.07011789 239.702804 233.043787  19.440539  13.3
4675 Ohboke                          153.764983  2.4108599  0.17610635 294.860904 294.628478   4.475064  12.8
4676 Uedaseiji                       158.970190  2.4026495  0.07649455 352.093522 222.376258   8.986107  12.6
4677 Hiroshi                          96.933281  3.1411402  0.18687013  55.447930  12.254269   0.486769  12.0
4678 Ninian                           96.936703  2.2647616  0.21413807 322.836509  30.633111   3.746165  14.0
4679 Sybil                           115.942393  3.0405918  0.04586827 269.159320 179.076384  17.382846  11.7
4680 Lohrmann                         59.717840  2.3100611  0.16970491 115.442412 302.763389   4.619740  14.2
4681 Ermak                           193.386700  3.0217316  0.11899578 319.351888  38.256576  11.526024  11.8
4682 Bykov                            66.057438  2.2709928  0.19469412  88.309473 321.623669   3.826147  14.2
4683 1976 GJ1                         70.592087  3.1156843  0.15843217 299.956889 164.505136   1.220245  12.0
4684 Bendjoya                        115.254625  2.3971266  0.11180415  50.143452 220.588135   5.277429  13.6
4685 Karetnikov                      143.001038  3.1754701  0.17517025  18.969850  48.098089   1.626326  12.5
4686 Maisica                          69.673565  2.3649980  0.15832196 115.049668 237.270233   4.469551  13.4
4687 Brunsandrej                     102.077171  3.1115474  0.14705616 177.162772 268.103630   3.885591  12.3
4688 1980 WF                          90.473268  2.2315492  0.51587915 213.353208 241.575622   6.388763  19.0
4689 Donn                            349.953263  2.2869010  0.07237766  32.140155 105.884800   5.159084  13.5
4690 Strasbourg                      324.329615  1.9377130  0.10886535 105.234690 295.930075  16.910379  13.7
4691 1983 TU                         145.091866  2.2646524  0.19456881 298.613688  43.005920   5.875820  13.5
4692 SIMBAD                          125.558230  2.2567571  0.14758847 322.505107  65.619199   3.702894  13.7
4693 Drummond                         62.762470  2.2799231  0.08335436 209.710235 245.664190   4.858437  13.5
4694 Festou                          325.067919  2.7194194  0.18841831 338.754034 332.814619   5.667539  12.7
4695 1985 RU3                        264.333166  2.6710061  0.13792986 273.689149 177.391647  12.553408  12.1
4696 Arpigny                         291.861375  2.8553314  0.05448899 132.540224 178.950182   1.888616  12.3
4697 1986 QO                          51.892960  2.4327291  0.17558326  52.172650 263.342806   1.740810  13.8
4698 1986 RO1                        319.558644  2.2253103  0.07645659 284.963300 291.522312   2.120558  13.3
4699 1986 VE                         316.321392  2.5534712  0.18556815 142.401655 245.077367  12.661007  14.2
4700 Carusi                          277.678789  2.5644586  0.20050180  11.225432  77.056276   5.427176  12.8
4701 Milani                          235.454496  2.7031515  0.14066908 288.120673 104.812872   3.669766  13.0
4702 1987 HW                         190.535067  2.7992013  0.09056129 133.862607  21.162275   9.347500  12.2
4703 Kagoshima                        77.115269  2.2510097  0.11501932 296.010486 136.370268   5.397205  13.2
4704 1988 BE5                        171.161411  2.6251697  0.13276776 280.837680 221.064158  12.150834  13.5
4705 Secchi                           20.914065  2.3302654  0.12610852 120.183997 328.906581   8.640491  13.4
4706 1988 DR                          43.492903  2.2679371  0.17485298 283.838906 178.549775   8.260559  13.3
4707 Khryses                         275.204497  5.1700047  0.12327180  64.306600 310.272139   7.105715  10.1
4708 Polydoros                       259.700871  5.2999550  0.05978512 102.362066 281.159477   6.968681   9.5
4709 Ennomos                         329.783710  5.1702535  0.02165997  82.277161 253.340531  25.548238   8.9
4710 1989 AX2                        270.373160  2.2444347  0.09232682 234.287461 274.950735   4.996165  13.3
4711 Kathy                            90.201338  2.3824020  0.25645250 242.916168 114.017811  10.224865  12.2
4712 Iwaizumi                        228.793753  3.1528950  0.13096990 342.892950 334.778526  12.153155  10.9
4713 Steel                           176.433375  1.9261961  0.07395887 152.128534 101.543898  22.667399  12.8
4714 Toyohiro                        242.740921  3.0197171  0.12532405  39.506098 336.777434   9.847308  11.3
4715 1989 TS1                        288.236929  5.1346389  0.05068854 344.040599   1.649914  18.629766   9.3
4716 1989 UL5                        111.067166  3.1760332  0.13946739 104.010008  20.469828  10.166130  11.7
4717 Kaneko                          323.089032  3.0170803  0.09296541 246.773341  73.574438  10.777942  11.2
4718 Araki                           288.360230  2.3591561  0.16145012 220.064420 334.901533   8.053471  12.6
4719 Burnaby                         242.808588  2.7019541  0.17384670 115.331248   1.951060   7.477294  12.0
4720 Tottori                         142.049680  2.2254041  0.14507262 287.008005 121.483813   5.870946  13.0
4721 Atahualpa                       213.905479  2.2536895  0.12250642 215.145148  39.539830   4.372507  13.7
4722 Agelaos                         266.220507  5.2250396  0.11221620 313.923577  65.036533   8.814208   9.7
4723 Wolfgangmattig                  314.785731  2.6759465  0.19793231 355.805116  25.480568   3.067689  13.8
4724 Brocken                         266.398056  2.2237336  0.19194600 193.336041  94.766446   8.480938  13.2
4725 1975 YE                         244.467722  2.8815316  0.23335030 253.549564 186.475767  13.812782  12.4
4726 Federer                           9.642237  2.7351244  0.07305600   8.254325 294.797425   2.039639  12.8
4727 Ravel                           302.452086  2.8956419  0.09558365 228.412726 133.469625   3.198086  12.8
4728 Lyapidevskij                    103.322543  2.3085444  0.11152028  21.054055  24.328722   5.962351  13.7
4729 1980 RO2                        121.792564  2.2206589  0.17426642 127.526278 252.088154   2.279248  13.0
4730 1980 XZ                         214.581256  3.1220784  0.05313341 198.860050  81.088733  12.011469  11.1
4731 1981 EE9                        133.654694  3.1179098  0.27583716 140.347182 282.271012   5.843675  14.1
4732 Froeschle                       224.969839  3.1599634  0.06255673 150.472429 226.736667  16.881548  11.3
4733 ORO                              18.886068  2.1852691  0.07374658 157.395187  43.185460   4.721123  13.7
4734 Rameau                           52.901088  2.4157595  0.19211034  23.791375   5.356495   0.978617  14.5
4735 Gary                             79.874043  2.4061091  0.11785242 351.448750  88.527365   7.237650  12.7
4736 Johnwood                        291.548398  1.9579519  0.13968905 106.233796 310.574373  21.965383  13.5
4737 Kiladze                           9.983071  2.6955231  0.07536874 154.768405 138.720785   4.588680  12.8
4738 1985 RZ4                         11.415363  2.6834569  0.17045732 330.676878 353.191383  13.240017  12.9
4739 Tomahrens                       237.248982  2.7408384  0.06712041 269.742289 172.831669   1.744332  13.0
4740 Veniamina                       277.633060  2.7173009  0.21029866 260.900774 181.057007   8.011923  13.1
4741 Leskov                          134.406878  3.2119536  0.18704042 275.792869  64.556228   1.578175  11.8
4742 Caliumi                         350.900404  2.4101411  0.26637100 254.221677 242.295653  22.265894  13.3
4743 Kikuchi                           0.902548  2.2672156  0.10043932 168.979127   5.691743   4.877776  13.5
4744 1988 RF5                        187.368155  2.8043089  0.18313267 185.850664 348.476404  10.184969  11.1
4745 Nancymarie                      255.083798  3.0174891  0.05305346  61.355506 239.235040   8.683107  11.8
4746 Doi                             171.585917  3.2244372  0.16156369 212.140120 185.710637   0.873609  11.7
4747 Jujo                            243.863088  2.9996616  0.11775872 349.861321  62.797704  11.818528  11.5
4748 Tokiwagozen                     112.972373  2.7433782  0.05696244 184.851807  85.544557  16.291708  11.7
4749 1989 WE1                        271.255433  3.0049905  0.10873322 287.894446  93.332554  10.762633  11.6
4750 Mukai                           146.896452  2.1838933  0.09037694 140.090789 295.181560   4.904889  13.6
4751 Alicemanning                    358.944071  3.1751174  0.16095671 120.669313 138.563906   2.573774  12.0
4752 Myron                           149.582749  3.0903578  0.16570881  10.439856  55.499301   2.042225  12.2
4753 Phidias                         159.552456  2.5452179  0.06879391 190.368017  59.777314   4.314174  13.3
4754 Panthoos                        312.735149  5.1589814  0.00908913 195.037512 155.338047  12.361704  10.1
4755 Nicky                           117.202186  2.2843952  0.24983709 275.488512 102.273899   3.084671  14.1
4756 Asaramas                         35.273102  3.0196647  0.05739363 355.680496 239.945170   9.181821  12.0
4757 Liselotte                       245.323177  3.9389155  0.08140741  92.978958  86.216528   0.176265  12.9
4758 1978 SN4                        182.538406  3.2105676  0.17098948 279.921570  61.194657   1.629594  12.1
4759 1978 VG10                       223.404897  3.1905517  0.16421683 202.666727 142.697108   0.788538  11.9
4760 Jia-xiang                       196.840938  2.3262395  0.12766096 130.037646 178.025371   9.853657  13.7
4761 1981 QC                         222.510322  2.3388588  0.21626697 332.545654  66.195129  25.572323  13.6
4762 Dobrynya                         64.435058  2.3589260  0.19992988  76.175174  11.851040   6.922967  13.5
4763 Ride                            164.720838  2.6610834  0.10077629 212.316156 333.561241  11.433481  12.3
4764 Joneberhart                      95.861805  1.9315599  0.04726896 176.045048 134.377837  24.832644  13.6
4765 Wasserburg                      214.814613  1.9453114  0.06026094 108.402973  76.645664  23.710717  14.1
4766 Malin                           325.339890  2.5900763  0.13745560 357.723103  96.682796  14.234458  12.2
4767 1987 GC                         176.874217  2.6907087  0.10819428  25.215166 194.102948  13.320176  12.8
4768 Hartley                         252.718761  3.1908534  0.22678582  26.873090 320.877084  19.982052  11.3
4769 Castalia                        333.476119  1.0632321  0.48312698 121.240114 325.733680   8.888077  16.9
4770 Lane                            288.772241  2.8657453  0.30409244 202.396027 129.682398  25.069159  12.2
4771 Hayashi                          16.532940  2.6858502  0.15758028  44.121043 289.453848   4.793516  12.6
4772 1989 VM                         193.753519  3.1624816  0.06265861 193.804537 210.288105  11.535946  11.8
4773 Hayakawa                        318.527278  2.6091050  0.11724648  61.204465  60.538414   5.018803  12.7
4774 Hobetsu                          79.277265  2.2368899  0.08580530 236.335196 286.114646   3.630441  12.8
4775 Hansen                           38.833309  2.3976720  0.44849351   7.288845 336.747461   9.249583  14.1
4776 Luyi                            185.930504  2.3149855  0.23270988 348.543441   3.413211   5.401520  14.9
4777 1976 SM2                        284.583791  2.1746084  0.13009399 168.070456 195.053702   1.319656  14.2
4778 1978 TV8                        159.932669  3.1559760  0.17759418  41.779907  35.386715   1.587013  12.8
4779 Whitley                          78.357152  3.1809413  0.13016484 330.647042 185.818717   0.925259  12.1
4780 Polina                          356.738005  2.1702392  0.05992423 118.464709 108.310525   4.677896  13.8
4781 Sladkovic                       238.306855  2.1567901  0.19008453 189.960246 158.750710   1.670856  14.6
4782 Gembloux                        297.987977  2.8373248  0.07218484 348.415059 339.863277   1.346245  12.5
4783 Wasson                          293.218966  2.5531751  0.20705364 357.277931 109.481064  16.602604  13.7
4784 1984 DF1                        105.883330  2.6766559  0.11520573 168.884995 349.456430   3.553672  13.3
4785 Petrov                           60.039107  2.6644242  0.06117413 114.931995 301.896089   2.685059  13.2
4786 Tatianina                       285.882902  2.3578566  0.19393766 116.941838 116.135021   7.243762  13.2
4787 Shul'zhenko                     169.285090  2.2580140  0.11265301   9.033016 349.794660   5.051954  13.7
4788 Simpson                         159.880075  2.2628551  0.12972527 109.996442 277.485503   4.317114  14.0
4789 Sprattia                         87.310857  2.2384022  0.12405027 152.169763 209.981229   1.270661  13.9
4790 1988 PP                         212.082480  2.6254377  0.08383193  85.635936 131.657661  12.739614  11.8
4791 Iphidamas                       211.593300  5.1970897  0.04611766 162.899673 261.433780  25.926791   9.9
4792 Lykaon                          307.919244  5.2693124  0.09102674 282.090104  61.984538   9.340434  10.0
4793 1988 RR4                        197.677182  2.6680941  0.15499350  62.198708 156.112034   4.365517  12.8
4794 1988 SO2                        143.506173  2.2725483  0.11537578 353.041336 174.232110   5.396233  14.0
4795 Kihara                          206.442230  2.1997070  0.15288614 131.704039 134.062902   5.102295  13.9
4796 Lewis                           127.165968  2.3553758  0.17901960  35.245247 296.771866   2.271905  13.2
4797 Ako                             105.397397  2.4128097  0.18381183  77.322231 321.284803   1.811720  12.5
4798 Mercator                        357.316511  2.1972835  0.10894164 160.584155  93.732212   3.658001  13.4
4799 Hirasawa                        136.040093  2.4701640  0.12708034  80.453818 242.183779   0.616742  13.4
4800 1989 TG17                       249.587161  3.0071139  0.10409304 183.768181 179.921244  10.293127  11.5
4801 1989 UR4                        307.558923  2.6412160  0.16368245  44.842667  66.754841   2.255253  12.5
4802 Khatchaturian                   287.570895  2.2183323  0.21166109 213.630528 102.905185   0.743972  15.1
4803 Birkle                           97.876927  2.9066334  0.03337202 188.476255  46.340276   2.922440  12.1
4804 Pasteur                           8.147189  2.6913414  0.11765374 270.446177 103.842844   8.628366  11.6
4805 Asteropaios                     272.018202  5.2491358  0.09083860  89.101561 278.379803  11.990791  10.1
4806 Miho                             99.369424  2.2298710  0.09763795 291.014937 169.408883   5.242854  13.3
4807 Noboru                          102.200151  2.3285609  0.20995997  92.866974 330.898594   0.494829  13.4
4808 1925 BA                         333.664416  2.6683557  0.15976962 139.343595 302.473502  10.795908  12.0
4809 1928 RB                         349.244974  2.5659791  0.25145919 173.205096 169.425641  13.695780  13.5
4810 Ruslanova                       320.364727  2.2383158  0.10331312 132.601633  48.280963   7.760254  13.2
4811 1973 SO3                        187.449942  2.2463719  0.18272087 274.708816   9.266104   5.064075  14.3
4812 Hakuhou                           3.590104  2.3682267  0.20684380  72.657741   4.028791   4.680090  14.4
4813 Terebizh                        318.473546  3.1265630  0.09216889 299.327572  21.302974  11.879825  12.0
4814 Casacci                         179.594857  3.2191002  0.19900188 194.397544 134.334460   1.436664  12.7
4815 1981 EA28                        95.894774  2.3598902  0.13559866 355.266577   7.446231   7.567548  13.7
4816 Connelly                        359.511936  2.5881448  0.27569330  82.827066 275.306450  11.827198  12.8
4817 1984 DC1                         85.843784  2.3478076  0.20762241 252.128118 163.486315   2.158755  13.6
4818 Elgar                           359.695929  2.2645538  0.12899983  82.479272 169.255364   2.539111  13.6
4819 1985 KC                         317.211222  2.2028038  0.03006337 302.685946 344.255305   5.808196  14.3
4820 Fay                             210.483640  2.8517550  0.35652443  95.287074 332.484733  12.412005  11.5
4821 Bianucci                        106.032006  3.1314420  0.16426134 330.012692 154.008277   1.177011  12.5
4822 Karge                           150.464227  2.2527912  0.18521011 264.320838 141.525910   4.049141  13.7
4823 1986 TO3                        245.091291  2.1588665  0.10728710  52.556227 334.266460   1.120315  13.9
4824 1986 WL1                        114.326016  2.2888922  0.05670583  42.199664  40.481830   6.473792  13.6
4825 Ventura                         125.461533  2.2516572  0.16583069  65.080597 306.347820   3.962670  14.1
4826 Wilhelms                        213.764587  2.3804439  0.19125714 223.445341  95.733365  25.285189  12.2
4827 Dares                           229.629206  5.1321216  0.04567645 166.757612 242.085139   7.703204  10.1
4828 Misenus                         155.198377  5.2031856  0.04126166 127.612015 353.022778  14.868764  10.0
4829 Sergestus                       307.629381  5.1017030  0.04996787 120.664069 222.161073   8.623613  10.7
4830 1988 RG4                          1.486299  2.3925316  0.06931890  81.844782 119.858348   6.412571  12.9
4831 1988 RX11                        63.123063  3.0885223  0.11513631 141.864835  61.970375   0.285446  12.4
4832 Palinurus                       316.585166  5.2329864  0.14082315 207.392284 135.244670  19.071602   9.8
4833 Meges                            24.452842  5.2568108  0.09370925 279.497193 101.767266  34.675969   9.1
4834 Thoas                           336.618355  5.2405523  0.13763613 350.604269  76.064099  28.439454   9.2
4835 1989 BQ                         296.135025  5.1848050  0.25214521 353.517620 125.586180  19.581937   9.8
4836 Medon                           305.450536  5.1675640  0.10891139  32.755839  82.036038  19.435053   9.5
4837 1989 ME                         142.677030  3.1979738  0.13007981  40.279081 327.478235  28.299776  11.6
4838 1989 NJ                         201.088342  2.3518964  0.14380608  39.458669 218.040731   8.888460  12.7
4839 Daisetsuzan                     108.573499  2.4346500  0.06966961 179.218419 177.330338   7.571660  13.2
4840 Otaynang                        157.053892  3.1809613  0.10098740 199.610869 247.646679  15.176694  11.9
4841 Manjiro                         144.784774  2.3088295  0.10328094 288.420834 145.588454   3.878611  13.8
4842 Atsushi                         302.184998  2.2507327  0.15649418  77.563288 225.776416   2.465039  13.1
4843 1990 DR4                        306.897809  3.0857851  0.12974448 222.389757 162.913574  11.003098  11.0
4844 Matsuyama                       228.064404  2.5516601  0.22209173 355.529713 248.486892   5.975045  12.4
4845 Tsubetsu                        274.493678  2.4010458  0.06722155 221.009595  28.394003   7.599957  12.5
4846 Tuthmosis                        98.260049  3.2193647  0.13281857  81.522358  23.067823   5.275921  12.1
4847 Amenhotep                        70.379729  2.1668728  0.08806490 102.593424 125.342088   0.855041  14.9
4848 Tutenchamun                      84.001401  3.1476773  0.12209620 312.351363 132.784221   6.372651  11.6
4849 1936 QV                         330.157922  2.2792864  0.11166302 171.253528 191.092033   2.991653  13.8
4850 Palestrina                       23.592153  2.8783117  0.07344968 193.248403 188.594354   1.875550  12.7
4851 1976 US1                        339.977804  2.6009689  0.06046527  90.672142  27.351054  15.489073  12.8
4852 Pamjones                        327.633138  2.3038844  0.10203877 232.109553  43.283424   6.776804  13.7
4853 1979 ML                         255.814366  2.5367399  0.25331729 135.713109 146.167446   8.309760  12.6
4854 1981 ED27                        75.915519  2.9861906  0.05600801  63.858935 174.911455  10.686224  12.9
4855 Tenpyou                           4.888123  2.2326768  0.18378315  51.817600 229.519273   4.747069  14.1
4856 Seaborg                          36.465273  2.5606852  0.06755880 268.320183 190.323002  14.994362  12.1
4857 Altgamia                        354.246298  2.3552055  0.23149720 138.920024  31.817323  24.490286  13.2
4858 1985 UA                         279.712863  2.1828863  0.10900257 124.784110 330.211079   3.277709  14.2
4859 Fraknoi                         109.790631  2.2724576  0.13540100 314.135761 122.404950   6.413188  13.1
4860 Gubbio                           43.464353  2.6306168  0.14693651  14.193770 338.504594  14.568313  11.8
4861 Nemirovskij                      85.752893  2.8884455  0.22594972 232.507381  97.177632   3.544128  12.8
4862 Loke                            109.133668  2.9102082  0.24103646  98.177053 200.806792   8.638682  12.7
4863 Yasutani                        222.217856  2.8489312  0.02101123 227.116155  25.446059   2.190658  11.8
4864 1988 RA5                        190.499346  2.4702534  0.17518204 241.963155  94.237782   3.615910  13.2
4865 Sor                             239.242897  3.0546887  0.05988643  58.481986  43.755954  10.102999  12.1
4866 1988 VB3                         17.000961  3.0035554  0.08652968 121.349246 214.168101   9.363833  11.7
4867 Polites                          33.188598  5.1620195  0.01751069 278.318175 335.218957  27.156292   9.4
4868 1989 UN2                        163.645932  1.9603348  0.06814654  94.130614 187.638457  22.109545  13.9
4869 1989 UE8                        285.490112  2.2348092  0.17371373 217.406123  96.395946   3.546751  13.3
4870 Shcherban'                      152.215942  3.2130922  0.07510573 352.590584  83.710658   9.751168  11.3
4871 Riverside                       208.007611  2.2574500  0.10829806 141.940017 263.950847   2.892150  13.3
4872 Grieg                           302.453338  2.7263285  0.05721047   9.086830 111.470207  10.705178  13.3
4873 Fukaya                           85.121523  3.0201789  0.09702901 155.643644 146.192202  10.805434  11.8
4874 Burke                           306.402997  2.6016864  0.12383365 325.318310 127.752595  14.676250  12.0
4875 Ingalls                         324.605428  2.2434865  0.17832256 159.073228 124.014777   5.251353  13.0
4876 Strabo                          290.877355  2.9100136  0.02329590 218.608563 215.299809   1.294831  13.0
4877 Humboldt                        236.716415  2.6318831  0.13429235 201.596505 229.051853  12.383045  13.1
4878 1968 OF                         204.340609  2.2898466  0.15366055 119.968650 224.262499   6.172415  14.9
4879 Zykina                           47.815343  3.1680454  0.08698154  19.950058  49.508906  10.272915  11.7
4880 Tovstonogov                      61.697978  2.6712042  0.03427912 190.716682 218.642124  21.149692  12.1
4881 1975 XJ                          82.960265  2.3139313  0.04683896 348.873111 141.453901   8.083133  14.4
4882 Divari                           57.977191  2.4862711  0.10058766 215.147616 200.516658   4.777998  13.1
4883 Korolirina                      166.940951  2.7379180  0.24087037 116.309147 187.179446   5.833894  13.7
4884 1979 OK15                       273.191719  2.2244503  0.16728771 132.100641 155.110145   4.701338  14.3
4885 Grange                          267.491339  2.4316436  0.16939410  99.824275 169.970160   3.169825  14.4
4886 1981 EZ14                       254.826659  2.9206563  0.20716343 138.693527 294.767711   4.812224  14.5
4887 1981 EV26                       331.750173  2.9239329  0.02770162  86.890274 289.698597   1.000388  13.4
4888 Doreen                          254.024209  2.3501950  0.01756506 210.174399  33.430516   4.063953  13.8
4889 Praetorius                      252.706963  3.0972292  0.19702807 271.340450 186.872750  13.900067  11.9
4890 Shikanosima                      32.876433  2.2049387  0.14980776 185.293618 100.426999   3.654794  13.5
4891 Blaga                           146.376102  3.1646354  0.05720484 262.816996 339.036074   2.304763  12.0
4892 Chrispollas                      73.352493  2.3341614  0.10027866 306.435741 211.964084   8.560292  12.6
4893 Seitter                         102.989374  3.1554516  0.08252093 106.261976 151.404533  13.747028  11.8
4894 Ask                             272.595224  2.1742311  0.19448746  46.861029 263.923677   2.636040  13.5
4895 Embla                            91.448162  2.3546653  0.23732765 341.478121  38.642036   7.137679  13.5
4896 Tomoegozen                       93.295615  3.1032534  0.17352651  94.058272 261.846333  16.529356  10.8
4897 1987 QD6                         46.048956  3.0592887  0.12519904 110.784927 188.643520  11.061506  11.6
4898 Nishiizumi                      296.004401  1.9532895  0.08163350 146.430609   3.746005  18.633100  13.9
4899 Candace                         243.666232  2.3718940  0.18406657  73.499393 190.452066  22.597662  13.6
4900 Maymelou                        245.002142  2.3801900  0.12728160  91.070440 209.920898   5.930249  13.0
4901 1988 VJ                         355.472621  2.2742809  0.19051515  93.863721 227.470196   4.638417  13.5
4902 Thessandrus                     326.756334  5.2150804  0.04500592 269.932474 170.349282   9.069939   9.6
4903 Ichikawa                        236.171896  3.1602507  0.16790500 249.811795  91.033382   2.548149  12.1
4904 Makio                            60.157597  2.3883435  0.13133868 267.027610 229.082095  10.108367  12.6
4905 Hiromi                          135.564251  2.6021229  0.16735282 175.963192 198.766171  12.407953  12.1
4906 Seneferu                        305.732149  2.1763999  0.21531348 198.992574 120.054562   1.650110  15.2
4907 Zoser                           167.565177  3.1745529  0.09552001 308.062800 136.897800   5.985283  12.1
4908 Ward                              4.035911  2.1891057  0.23365419 165.541388 190.371770   4.562593  14.2
4909 Couteau                          97.251985  2.2732303  0.24641922 234.723279 114.240217   2.407949  13.7
4910 Kawasato                        278.463488  2.4388048  0.32880931 154.859749 180.153448   4.994802  14.2
4911 1953 UD                         177.182426  2.6388771  0.17859551 157.392799 210.155269  13.034126  12.5
4912 1953 VX1                        293.440482  2.3023578  0.13875011 205.548205 192.261201   3.664292  13.4
4913 1965 SO                         241.711351  2.4440491  0.18797038 277.840284  41.801894   3.053897  12.8
4914 1969 GD                          97.526691  2.6264472  0.15783882 151.832400 255.625285  12.550252  11.8
4915 Solzhenitsyn                     79.242368  3.0749641  0.28490879 318.973867 118.434021   3.841591  13.1
4916 1970 PS                          13.462369  3.0449844  0.08809129 271.700663 148.372120  10.784578  11.4
4917 Yurilvovia                      150.542874  2.7426672  0.10771879 197.091214 180.988913   3.699192  12.9
4918 Rostropovich                    165.623641  2.6388673  0.23519111 195.167536 205.668858   1.769217  13.2
4919 Vishnevskaya                      9.271117  2.2704618  0.24292015 326.879492 350.401977   5.014401  13.8
4920 1978 PY2                        128.508312  2.6886302  0.08651813 209.559169 190.419690   2.418844  13.0
4921 Volonte                         255.486773  2.4118367  0.14219122 145.063879 233.476583   5.190288  13.7
4922 1981 EH4                        192.094902  2.6231178  0.22905095 138.557719 229.848241   8.172984  14.0
4923 Clarke                           89.076458  2.1444114  0.20241793 108.057324 188.754557   6.666616  14.2
4924 Hiltner                          33.794833  2.1538072  0.21473648 148.254512 180.290894   1.724306  15.3
4925 1981 XH2                         71.104247  3.0529841  0.24290097 136.700085 244.416493   8.250418  11.6
4926 Smoktunovskij                   178.219888  2.8314487  0.05136102 327.109591 333.604323   1.305753  12.7
4927 O'Connell                        98.291982  2.8885814  0.08293042  39.357709 329.667099   1.171224  13.2
4928 Vermeer                          46.135662  2.1470886  0.18940924 131.214338 207.764635   2.455304  14.3
4929 Yamatai                         109.233158  2.2113074  0.05809088  89.357355 127.606332   2.485319  13.5
4930 1983 AO2                        280.262607  3.1244071  0.04264325 350.910962 122.548978  15.492599  11.0
4931 Tomsk                           320.186669  2.5794032  0.28149099 281.628373 155.110426  23.185115  12.0
4932 Texstapa                        354.816444  3.1115577  0.01711626 253.694349 141.982109  12.909653  12.0
4933 1984 EN1                        302.040350  2.3316037  0.11954370  86.405532 151.250654   1.862279  14.2
4934 Rhoneranger                      99.495978  2.9985368  0.11265641 147.822605 187.999454  10.932213  12.1
4935 1985 PD2                        300.239245  2.1950757  0.14680403 274.710743 122.793945   5.726038  13.6
4936 1985 UY4                        222.129549  2.2758393  0.12664802 283.622052 155.921311   5.906630  13.3
4937 1986 CL1                        268.497697  2.5961509  0.16441782 335.766275 275.614396  16.954038  11.8
4938 1986 CQ1                        224.043997  2.3520095  0.07738278 195.301514 222.598653   4.559339  13.2
4939 1986 QL1                        230.193398  2.5286277  0.15773270  93.623184   9.840005   5.387766  13.4
4940 Polenov                          34.765791  3.1003874  0.17567588 267.300328 118.898828   2.280910  11.8
4941 1986 UA                          29.499471  3.1760157  0.18568142 259.816559 130.200001   1.865179  12.1
4942 1987 DU6                         57.259884  2.2019609  0.13628692  10.996890 278.375613   3.832875  13.0
4943 Lac d'Orient                    153.451323  2.6494184  0.17486386 135.413184 241.739925  11.983992  13.2
4944 Kozlovskij                      131.988207  2.7444875  0.06294235  83.703507 279.926470   4.498085  12.8
4945 Ikenozenni                      237.163992  2.5760461  0.31330620 137.545573 194.214045   4.892581  13.0
4946 Askalaphus                      160.344763  5.2979675  0.04907932 204.930885  59.041803  21.880930   9.9
4947 Ninkasi                           3.724888  1.3697980  0.16822111 192.743880 215.536424  15.650386  18.7
4948 1988 VF1                         34.120816  2.1687407  0.19328696 124.429731 246.779892   3.093151  13.9
4949 1988 WE                         309.208288  2.2722743  0.16903372 275.262823 108.830739   4.811693  13.6
4950 House                            40.160655  2.7476586  0.18226232 251.233520 190.115462  12.694075  11.5
4951 Iwamoto                         204.510934  2.2560479  0.16736637 339.668184 101.211991   7.531579  13.4
4952 Kibeshigemaro                   133.876966  3.1671220  0.10281060 104.411806 122.163751  16.958411  11.5
4953 1990 MU                          20.952753  1.6208579  0.65756411  77.484623  78.021882  24.413312  14.1
4954 Eric                            246.602969  2.0009654  0.44836023  52.143872 358.727566  17.477658  12.6
4955 1990 SF2                        171.103529  3.1517674  0.13404214 242.296226  90.446418   7.443253  11.3
4956 Noymer                           37.372939  2.4446796  0.20259468 201.154220 169.492998  24.202219  13.5
4957 Brucemurray                     359.761636  1.5655011  0.21906135  97.441948 254.989884  35.007022  15.1
4958 1991 NT1                        323.056747  3.0109236  0.07209447 218.347802 253.326243   9.076458  11.5
4959 Niinoama                         52.783016  3.1458792  0.00855478 242.114608 129.215325   8.995104  10.8
4960 Mayo                             46.078995  3.0194909  0.08825357 273.749037 120.295558   0.938547  13.0
4961 1958 TH1                         64.256652  3.1427415  0.23145995  49.679129 315.551747   7.882096  12.2
4962 1973 TP                         330.702096  2.6064846  0.14695403 142.096137 207.138303  15.097341  12.3
4963 Kanroku                         287.606363  2.5995457  0.16438897 300.552828 332.940766  11.742894  12.4
4964 Kourovka                        153.663452  2.2627877  0.12346350 204.581442 167.604052   4.914800  13.6
4965 1981 EP28                        34.794047  2.9196235  0.06357924  65.094922 256.688918   0.892790  14.0
4966 1981 EO34                       189.380637  2.6350989  0.20933660 183.428286 176.280480   9.920560  13.6
4967 Glia                             65.245760  3.1462496  0.04764580 222.507635 125.261833  16.963785  10.7
4968 Suzamur                         270.688026  2.5245001  0.11191741 280.904547 132.478209   5.423489  12.7
4969 Lawrence                        161.944142  2.7554040  0.36305404 244.981970 186.863494  31.469548  12.6
4970 Druyan                          208.934609  2.3947254  0.14534872 130.311629 292.468234   7.239879  12.9
4971 Hoshinohiroba                   231.215161  2.3838076  0.17903879 342.629943 104.874225   3.205817  13.1
4972 Pachelbel                       226.075275  3.1260796  0.18398658 196.846508 175.212990   1.223375  13.3
4973 Showa                           156.111749  3.4207040  0.08276956 138.219227 353.359835  18.938208  11.3
4974 1990 LA                           7.391305  2.6044417  0.11070008  24.410235 176.431656  13.798865  12.8
4975 Dohmoto                         124.685874  3.0887134  0.22482538 228.528938 179.886523  14.953750  11.8
4976 1991 PM                         120.747641  3.0187214  0.10482568  60.334195 261.427955   8.639300  11.3
4977 Rauthgundis                      32.307897  2.2927189  0.11172937 294.422482 350.032450   5.885892  13.7
4978 Seitz                           270.046855  2.6268394  0.21231391 243.071844 155.951416   6.032288  13.2
4979 Otawara                         153.160479  2.1672090  0.14512219 206.557308  69.735032   0.912830  14.3
4980 Magomaev                         11.349585  3.1994266  0.13952963 359.156704  60.570889   1.851629  12.5
4981 Sinyavskaya                     358.973548  2.8768526  0.08232583 298.140384  50.309151   2.709607  12.0
4982 1977 PE1                        161.111389  2.7826444  0.17774710 128.386157 231.290575   4.622424  13.2
4983 Schroeteria                     128.692754  2.3231063  0.02763334 252.500486 306.432551   1.899644  13.2
4984 1978 VU10                         8.746477  2.2537546  0.20956279  66.049114 257.427553   1.976249  15.0
4985 Fitzsimmons                      42.874696  3.2341722  0.15458072  16.669824  14.253758   0.835646  13.1
4986 Osipovia                        148.649925  2.5655998  0.21121191 233.519461 214.629303   5.622231  13.3
4987 1980 FH12                        96.504806  2.2727208  0.06374167 272.686415 313.386307   7.587354  13.4
4988 1980 VU1                        282.564281  2.4055375  0.21372716 185.541733 185.877689   2.124314  13.9
4989 1981 DX1                        204.320611  2.5729720  0.18401406  79.977624 317.084588  12.332866  13.2
4990 1981 ET26                       355.849270  2.2321495  0.17720552 278.195636 353.622348   3.892399  14.1
4991 1981 EU29                       315.901535  2.9955650  0.10892197   7.940542 343.906386  10.521584  12.7
4992 Kalman                           25.002146  2.5767187  0.11114648  58.778790 233.760261  14.439623  12.8
4993 1983 GR                          57.794580  2.3691359  0.05910057 184.921994  36.832461   6.934714  13.0
4994 1983 RK3                        319.599308  2.9088219  0.19891849   3.270658  31.739659   1.731822  13.3
4995 1984 QR                         281.660788  2.3400161  0.31338788  88.683302 322.291794  20.597539  13.0
4996 Veisberg                        303.532508  2.5460044  0.24104859 274.391165 112.767436   5.099489  13.2
4997 Ksana                           116.541912  2.8683987  0.32965148  57.536639  11.009682  32.846601  11.9
4998 1986 VG                          30.534565  3.0092123  0.06976638 105.150118 352.504698   9.903247  11.6
4999 MPC                              83.394236  3.0123214  0.04907593 342.411115 156.347275  10.485497  12.0
5000 IAU                             228.324128  2.5349488  0.26779890 231.627931 151.476240   6.282573  14.1