0001 Ceres                           249.600143  2.7661801  0.07788723  73.799238  80.501632  10.582927   3.3
0002 Pallas                          237.363336  2.7764236  0.23088927 309.852998 173.212130  34.851159   4.1
0003 Juno                            117.248882  2.6693137  0.25786834 247.975540 170.181964  12.967648   5.3
0004 Vesta                           192.910466  2.3607627  0.09029769 149.799810 103.961417   7.134866   3.2
0005 Astraea                         269.745431  2.5739172  0.19192335 357.570988 141.710361   5.368227   6.9
0006 Hebe                            263.807679  2.4244878  0.20199245 239.092247 138.888592  14.771205   5.7
0007 Iris                            267.628574  2.3851254  0.23068152 145.187876 259.916628   5.523694   5.5
0008 Flora                            61.796823  2.2014331  0.15608255 285.008098 111.057368   5.885890   6.5
0009 Metis                            45.789530  2.3867846  0.12127467   5.755145  69.012151   5.577839   6.3
0010 Hygiea                          242.419408  3.1368721  0.11966241 314.615987 283.688468   3.843920   5.4
0011 Parthenope                      130.422384  2.4521891  0.09962308 194.217736 125.668802   4.622560   6.6
0012 Victoria                        193.220798  2.3349105  0.21905104  69.347713 235.643685   8.367844   7.2
0013 Egeria                          176.439941  2.5755189  0.08675478  80.510409  43.373282  16.529930   6.8
0014 Irene                           165.629942  2.5897666  0.16576915  95.751715  86.666192   9.096660   6.3
0015 Eunomia                         342.360426  2.6444119  0.18671566  96.868567 293.534709  11.748618   5.3
0016 Psyche                          228.130022  2.9208734  0.13778866 229.013722 150.467265   3.093436   5.9
0017 Thetis                          174.636937  2.4687072  0.13634611 135.727477 125.649263   5.586836   7.8
0018 Melpomene                       273.821272  2.2950717  0.21811179 227.792550 150.590933  10.130384   6.5
0019 Fortuna                          34.662633  2.4416733  0.15813070 181.784538 211.507861   1.571595   7.1
0020 Massalia                        275.667515  2.4102636  0.14255052 255.278991 206.616136   0.704747   6.5
0021 Lutetia                         173.436580  2.4361823  0.16196473 249.988191  80.956930   3.065846   7.5
0022 Kalliope                        126.081420  2.9101296  0.10077506 357.172308  66.326825  13.719118   6.5
0023 Thalia                           17.239965  2.6279368  0.23295433  59.499122  67.268109  10.147448   7.0
0024 Themis                           81.418698  3.1275840  0.13418866 109.333976  36.082308   0.761760   7.1
0025 Phocaea                         317.708702  2.4001363  0.25553401  90.472301 214.312701  21.573325   7.9
0026 Proserpina                      174.101667  2.6547166  0.08842147 194.169090  45.952885   3.562189   7.5
0027 Euterpe                          51.604709  2.3473648  0.17136557 356.718648  94.814910   1.583773   7.0
0028 Bellona                          96.130212  2.7770577  0.14994765 343.008521 144.608460   9.399099   7.1
0029 Amphitrite                      250.374946  2.5541582  0.07325746  62.879359 356.589885   6.107689   5.9
0030 Urania                          131.024695  2.3661475  0.12655079  86.403227 308.009800   2.097044   7.6
0031 Euphrosyne                      186.870825  3.1445074  0.22762300  62.541192  31.292614  26.345122   6.8
0032 Pomona                           33.561852  2.5859441  0.08425229 338.061578 220.645291   5.531183   7.6
0033 Polyhymnia                      239.314740  2.8707233  0.33482714 338.364320   8.807475   1.870423   8.6
0034 Circe                           226.345135  2.6876145  0.10679305 330.048780 184.558304   5.499530   8.5
0035 Leukothea                       206.263006  2.9905503  0.22668454 214.382569 353.869570   7.939410   8.5
0036 Atalante                         96.058419  2.7495595  0.30206438  47.224573 358.541714  18.420048   8.5
0037 Fides                            37.481724  2.6419763  0.17531358  62.848026   7.483096   3.073097   7.3
0038 Leda                            154.350510  2.7394544  0.15341061 168.743683 296.068690   6.954008   8.3
0039 Laetitia                        116.613452  2.7694392  0.11169646 208.287301 157.250228  10.370369   6.1
0040 Harmonia                         74.719656  2.2669038  0.04630502 268.476502  94.329913   4.256334   7.0
0041 Daphne                          302.605516  2.7623094  0.27475331  46.121045 178.341286  15.770672   7.1
0042 Isis                             41.434242  2.4407153  0.22463386 236.055970  84.584464   8.538488   7.5
0043 Ariadne                           7.757164  2.2032447  0.16771789  15.937239 265.109678   3.467336   7.9
0044 Nysa                            258.620311  2.4251370  0.14820623 342.215925 131.640867   3.702765   7.0
0045 Eugenia                         170.453028  2.7194797  0.08287879  86.810924 147.975718   6.611851   7.5
0046 Hestia                            5.027955  2.5254725  0.17293812 176.030591 181.232576   2.336120   8.4
0047 Aglaja                          318.593607  2.8799247  0.13116054 315.550853   3.434431   4.993699   7.9
0048 Doris                           135.846713  3.1098077  0.07304545 260.515984 183.959957   6.548650   6.9
0049 Pales                           302.848222  3.0834794  0.23615754 110.359306 286.358707   3.183072   7.8
0050 Virginia                        222.087849  2.6498578  0.28660582 200.167234 173.824562   2.835191   9.2
0051 Nemausa                         196.634308  2.3663674  0.06601595   3.096750 176.212201   9.967327   7.4
0052 Europa                          304.395686  3.0977670  0.10056737 342.127574 129.048449   7.468817   6.3
0053 Kalypso                          96.914634  2.6190600  0.20422791 312.407353 143.880514   5.152397   8.8
0054 Alexandra                       139.919921  2.7085376  0.20006082 345.017685 313.551568  11.832440   7.7
0055 Pandora                         168.081290  2.7609296  0.14216990   4.490503  10.704704   7.183214   7.8
0056 Melete                          258.300350  2.5982884  0.23437888 102.870484 193.792784   8.076379   8.3
0057 Mnemosyne                       239.116274  3.1461057  0.11972069 214.973106 199.431395  15.215741   7.0
0058 Concordia                        50.375361  2.6988548  0.04522056  30.520528 161.485848   5.060490   8.9
0059 Elpis                           283.108441  2.7121276  0.11950917 211.068568 170.358676   8.647478   7.9
0060 Echo                            346.034201  2.3935656  0.18174018 270.438197 191.864768   3.600744   8.2
0061 Danae                           255.888191  2.9848908  0.16446968  14.206763 333.967194  18.198298   7.7
0062 Erato                           327.673744  3.1222776  0.18201602 273.071180 125.787820   2.223619   8.8
0063 Ausonia                         280.027402  2.3960615  0.12487392 294.909827 338.160122   5.788620   7.6
0064 Angelina                        132.724770  2.6803789  0.12603161 179.011019 309.737603   1.308921   7.7
0065 Cybele                          158.783366  3.4319420  0.10404622 106.741706 155.836192   3.547889   6.6
0066 Maja                             78.877474  2.6464947  0.17193130  43.925232   7.760542   3.046788   9.4
0067 Asia                             91.963105  2.4201064  0.18600235 105.527319 202.925183   6.020133   8.3
0068 Leto                             88.374365  2.7813158  0.18637204 303.627006  44.456171   7.956760   6.8
0069 Hesperia                        283.763052  2.9814453  0.16440031 289.224107 185.213754   8.586526   7.1
0070 Panopaea                         99.286221  2.6135137  0.18413789 255.407533  47.971944  11.581105   8.1
0071 Niobe                            66.932648  2.7556675  0.17390013 266.279408 316.432680  23.283054   7.3
0072 Feronia                         331.258907  2.2658821  0.12056729 102.670778 208.222238   5.411120   8.9
0073 Klytia                          232.336096  2.6638219  0.04368096  54.683799   7.367821   2.382750   9.0
0074 Galatea                          98.691201  2.7809866  0.23629599 173.682601 197.574264   4.056196   8.7
0075 Eurydike                         47.677279  2.6687375  0.30894338 338.802284 359.559084   5.017889   9.0
0076 Freia                           173.346462  3.4116602  0.16447451 255.736536 204.723073   2.117450   7.9
0077 Frigga                            6.158512  2.6682520  0.13056172  61.199719   1.387839   2.434148   8.5
0078 Diana                           353.043427  2.6202550  0.20702238 151.633178 333.629703   8.686386   8.1
0079 Eurynome                         70.041585  2.4451063  0.19167927 200.429805 206.871185   4.621438   8.0
0080 Sappho                          104.600927  2.2959483  0.20020951 139.101917 218.905286   8.665010   8.0
0081 Terpsichore                     235.093015  2.8507717  0.21262694  50.479948   1.563745   7.822304   8.5
0082 Alkmene                         344.620901  2.7600830  0.22391961 110.639006  25.686650   2.833352   8.4
0083 Beatrix                          57.550868  2.4312592  0.08228612 166.024377  27.854787   4.972519   8.7
0084 Klio                            204.192811  2.3625259  0.23694388  14.658459 327.825236   9.339996   9.3
0085 Io                              287.785072  2.6540768  0.19098691 122.873233 203.491838  11.969517   7.6
0086 Semele                           73.177722  3.1167330  0.20490017 304.814459  87.097016   4.802183   8.5
0087 Sylvia                           17.042312  3.4962961  0.08139972 268.945375  73.424349  10.843361   6.9
0088 Thisbe                          224.076473  2.7695546  0.16177754  35.001892 276.915760   5.221456   7.0
0089 Julia                            99.774003  2.5508370  0.18185471  44.545275 311.719011  16.140595   6.6
0090 Antiope                         256.281900  3.1557587  0.15571322 238.020520  70.748967   2.233454   8.3
0091 Aegina                          170.925896  2.5893416  0.10598779  73.123296  10.966552   2.116649   8.9
0092 Undina                          299.034765  3.1912779  0.09513973 244.530140 102.053825   9.898971   6.6
0093 Minerva                         280.289216  2.7551384  0.14043120 273.403262   4.571850   8.562274   7.7
0094 Aurora                           59.629070  3.1621393  0.08289286  56.746049   2.866434   7.982828   7.6
0095 Arethusa                        119.682061  3.0721981  0.14466381 154.189898 243.457096  12.981789   7.9
0096 Aegle                           146.227222  3.0558697  0.13564944 204.333081 322.325592  16.015326   7.7
0097 Klotho                           33.380729  2.6692262  0.25572237 268.760147 159.823467  11.777804   7.6
0098 Ianthe                          224.862714  2.6885783  0.18791355 158.233729 354.179697  15.615789   8.8
0099 Dike                            322.833502  2.6618622  0.19928466 194.759766  41.868477  13.903168   9.4
0100 Hekate                          308.158007  3.0984461  0.15689185 185.328829 127.708813   6.403203   7.7
0101 Helena                          111.008350  2.5821240  0.14149151 346.575645 343.562741  10.193179   8.3
0102 Miriam                          325.949797  2.6597747  0.25540022 147.027618 211.030372   5.169029   9.3
0103 Hera                            109.185109  2.7009377  0.08129098 188.119834 136.335830   5.423872   7.7
0104 Klymene                          23.203701  3.1547914  0.14844180  29.179033  41.943967   2.798748   8.3
0105 Artemis                         279.405013  2.3733640  0.17669373  55.961069 188.502575  21.482690   8.6
0106 Dione                           339.851575  3.1684826  0.17728808 329.476612  62.431980   4.616159   7.4
0107 Camilla                         254.276585  3.4861531  0.08003669 306.140158 173.189349  10.048056   7.1
0108 Hecuba                          156.391270  3.2466039  0.05387979 180.530649 350.809013   4.286763   8.1
0109 Felicitas                         1.745732  2.6972977  0.29533717  56.490728   3.274409   7.884969   8.8
0110 Lydia                           348.778744  2.7339946  0.08075641 283.339577  57.081082   5.968805   7.8
0111 Ate                              73.510146  2.5946990  0.10159898 166.574709 305.979078   4.920841   8.0
0112 Iphigenia                       255.978438  2.4337018  0.12844974  16.929641 323.906487   2.609357   9.8
0113 Amalthea                        250.036784  2.3751205  0.08871056  79.288064 123.630822   5.035875   8.7
0114 Kassandra                       152.514918  2.6764730  0.13873733 351.792275 164.490237   4.941495   8.3
0115 Thyra                           136.952393  2.3804071  0.19158550  96.357321 309.192449  11.595990   7.5
0116 Sirona                           36.610080  2.7687399  0.13949254  93.689883  64.083220   3.572516   7.8
0117 Lomia                           127.970576  2.9922926  0.02448543  64.323352 349.126772  14.910402   8.0
0118 Peitho                          141.429083  2.4371225  0.16275173  33.567707  47.778513   7.744873   9.1
0119 Althaea                         346.671658  2.5825887  0.08200669 169.886393 203.811236   5.768608   8.4
0120 Lachesis                        311.948126  3.1162494  0.06300341 234.621102 341.593750   6.956143   7.8
0121 Hermione                        131.848028  3.4405533  0.14623158 294.186691  73.550654   7.579534   7.3
0122 Gerda                           109.799756  3.2157255  0.04699300 330.294064 178.777140   1.637290   7.9
0123 Brunhild                         67.009703  2.6952881  0.12049246 125.502800 308.017432   6.426806   8.9
0124 Alkeste                         258.496970  2.6299462  0.07855335  61.559084 188.384621   2.948644   8.1
0125 Liberatrix                      317.827427  2.7430240  0.07800855 107.703453 169.415225   4.657113   9.0
0126 Velleda                          35.828275  2.4385624  0.10588452 327.045633  23.554066   2.924417   9.3
0127 Johanna                          87.331028  2.7555609  0.06585749  93.097654  31.553932   8.254694   8.3
0128 Nemesis                         229.744410  2.7492009  0.12700709 303.529463  76.492440   6.252627   7.5
0129 Antigone                        200.572749  2.8654679  0.21435251 108.784010 136.481463  12.227402   7.1
0130 Elektra                          31.469508  3.1160285  0.21398270 234.172384 145.837589  22.892998   7.1
0131 Vala                             17.111981  2.4316087  0.06666466 157.807611  65.829933   4.955488  10.0
0132 Aethra                          295.108852  2.6092316  0.38761415 254.377553 258.959982  25.052740   9.4
0133 Cyrene                          178.789883  3.0576109  0.14125040 291.873446 319.266831   7.234140   8.0
0134 Sophrosyne                       85.534598  2.5644313  0.11621845  84.183262 346.296227  11.585092   8.8
0135 Hertha                          159.529246  2.4295153  0.20458530 339.549301 344.084101   2.303394   8.2
0136 Austria                         211.298117  2.2871739  0.08444034 132.403584 186.623523   9.574184   9.7
0137 Meliboea                        118.223199  3.1111791  0.22274396 107.444508 202.495445  13.429307   8.1
0138 Tolosa                           92.415557  2.4474223  0.16338333 259.135055  55.097957   3.210071   8.7
0139 Juewa                            98.680246  2.7788329  0.17646975 165.563783   2.209881  10.940091   7.7
0140 Siwa                            201.890437  2.7322463  0.21647163 195.681149 107.383996   3.189433   8.3
0141 Lumen                           238.024585  2.6651551  0.21526666  57.948300 318.857793  11.884529   8.2
0142 Polana                          210.525582  2.4169080  0.13739276 292.333167 291.415664   2.238891  10.2
0143 Adria                           249.404620  2.7611874  0.07268666 251.970301 333.292086  11.471244   9.1
0144 Vibilia                          77.653225  2.6554969  0.23291389 292.968346  76.704272   4.810672   7.9
0145 Adeona                          184.947431  2.6722062  0.14575004  44.449770  77.658345  12.619275   8.1
0146 Lucina                          188.851239  2.7176472  0.06590806 145.139354  84.279863  13.078507   8.2
0147 Protogeneia                     349.084434  3.1419826  0.03698103 112.780532 249.002743   1.927861   8.2
0148 Gallia                          180.694165  2.7716420  0.18671039 252.538216 145.258519  25.284796   7.6
0149 Medusa                           52.303240  2.1746001  0.06469582 250.704230 159.650823   0.935902  10.7
0150 Nuwa                            312.272474  2.9798478  0.13081277 153.615375 206.550965   2.189833   8.2
0151 Abundantia                       19.902529  2.5919805  0.03536938 134.013121  39.131275   6.452157   9.2
0152 Atala                           329.815935  3.1404372  0.07052800  54.529041  40.158677  12.134422   8.3
0153 Hilda                           306.202559  3.9780606  0.14333854  42.989875 228.428851   7.834928   7.4
0154 Bertha                           70.860594  3.1814931  0.09040273 153.064242  37.175614  21.103556   7.5
0155 Scylla                          253.584281  2.7588154  0.27491804  45.735099  41.184202  11.388539  11.3
0156 Xanthippe                       261.354074  2.7308044  0.22394134 338.165085 242.293781   9.755579   8.6
0157 Dejanira                        183.189245  2.5797397  0.19627013  46.729890  62.218064  12.150121  10.6
0158 Koronis                         112.439454  2.8693764  0.05391669 145.870931 278.718844   1.003972   9.2
0159 Aemilia                          98.622576  3.1009832  0.11049234 337.314704 134.387328   6.122592   8.1
0160 Una                             141.588891  2.7278379  0.06636974  51.669609   8.994898   3.826768   9.0
0161 Athor                            16.975695  2.3797205  0.13873874 294.360999  18.845869   9.049189   9.1
0162 Laurentia                       146.874030  3.0180235  0.17964689 112.090429  36.565818   6.097840   8.8
0163 Erigone                         295.122715  2.3682579  0.19019751 297.424337 160.397038   4.804022   9.4
0164 Eva                             137.549304  2.6348584  0.34345927 283.564525  77.266503  24.482278   8.8
0165 Loreley                          23.729674  3.1317465  0.07772677 352.668840 303.045567  11.241691   7.6
0166 Rhodope                         197.249810  2.6853013  0.21239627 264.350259 129.178376  12.006655   9.8
0167 Urda                            135.011351  2.8517614  0.03730610 126.220209 166.481801   2.207849   9.2
0168 Sibylla                         213.561358  3.3788354  0.05926445 163.568926 207.127022   4.615775   7.9
0169 Zelia                           253.316048  2.3582891  0.13091931 334.774242 354.936357   5.510533   9.5
0170 Maria                           295.269707  2.5529704  0.06342256 157.564465 301.535171  14.411132   9.3
0171 Ophelia                         276.303825  3.1323081  0.12580306  58.328546 100.624707   2.544971   8.3
0172 Baucis                          203.271334  2.3804139  0.11371394 359.301314 332.248278  10.033725   8.7
0173 Ino                             186.080585  2.7443026  0.20689619 228.348481 148.445072  14.194241   7.6
0174 Phaedra                          64.281852  2.8646935  0.14121500 290.287436 328.024876  12.144946   8.4
0175 Andromache                      329.117330  3.1868392  0.23138933 322.259242  21.462625   3.221986   8.3
0176 Iduna                           108.320862  3.1930566  0.16246340 183.889455 200.906919  22.522695   7.9
0177 Irma                             70.912875  2.7711100  0.23431684  37.975441 347.776569   1.396550   9.4
0178 Belisana                        237.502671  2.4602504  0.04434794 209.327113  51.277097   1.901986   9.3
0179 Klytaemnestra                   245.766316  2.9720079  0.11158245 106.499726 252.201349   7.813499   8.1
0180 Garumna                         292.721025  2.7204069  0.16758976 175.538091 312.855411   0.871806  10.3
0181 Eucharis                        302.258928  3.1367043  0.19800233 316.273602 143.760858  18.814979   7.8
0182 Elsa                             89.252019  2.4172171  0.18525713 309.858207 107.309790   2.002576   9.1
0183 Istria                          341.459392  2.7939422  0.34822452 263.581863 142.318077  26.423786   9.6
0184 Dejopeja                         53.345239  3.1773235  0.08151202 209.241539 332.799904   1.147297   8.3
0185 Eunike                          332.862216  2.7395193  0.12970501 223.283195 154.094872  23.261838   7.6
0186 Celuta                          283.367343  2.3615338  0.15051285 315.344888  14.914249  13.179392   8.9
0187 Lamberta                        217.934237  2.7305493  0.23701916 195.536648  21.945180  10.596319   8.1
0188 Menippe                          10.157851  2.7627505  0.17768420  69.435364 241.307654  11.717363   9.2
0189 Phthia                           83.355379  2.4500832  0.03582154 165.771494 203.738129   5.177363   9.3
0190 Ismene                           34.365170  3.9829315  0.16647900 274.175717 176.065937   6.164280   7.5
0191 Kolga                            86.361025  2.8961819  0.08633215 226.730354 159.538725  11.504088   9.0
0192 Nausikaa                        147.821206  2.4033543  0.24685048  29.826294 343.532931   6.824382   7.1
0193 Ambrosia                        221.441372  2.6010527  0.29447714  81.051305 350.271324  12.038669   9.6
0194 Prokne                          305.439074  2.6171531  0.23588466 163.375925 159.611460  18.501089   7.6
0195 Eurykleia                       223.552426  2.8826887  0.04022708 116.770944   7.280170   6.979249   9.0
0196 Philomela                       160.115756  3.1114198  0.02562028 208.075563  72.673023   7.254726   6.5
0197 Arete                            26.382029  2.7403038  0.16395757 246.280680  81.831428   8.786294   9.1
0198 Ampella                         243.553674  2.4584437  0.22947876  88.421100 268.716740   9.296319   8.3
0199 Byblis                           21.034520  3.1885058  0.16163274 177.308872  89.471816  15.316700   8.3
0200 Dynamene                         14.204622  2.7371367  0.13143371  85.193916 324.810088   6.910474   8.2
0201 Penelope                         35.580183  2.6771970  0.18276184 180.568638 157.197511   5.763779   8.4
0202 Chryseis                        246.103158  3.0768806  0.09464919 358.625871 137.161405   8.833847   7.4
0203 Pompeja                          49.915840  2.7367552  0.05825717  58.369737 348.081522   3.185641   8.7
0204 Kallisto                        180.326704  2.6703277  0.17471872  55.902651 205.359022   8.266314   8.8
0205 Martha                          233.752321  2.7760889  0.03587733 176.549511 212.132084  10.699207   9.2
0206 Hersilia                        353.009462  2.7397438  0.03826385 302.062214 145.311963   3.779485   8.6
0207 Hedda                           312.156450  2.2841687  0.02931697 191.305244  29.352275   3.807488   9.9
0208 Lacrimosa                       304.672569  2.8915276  0.01212582 131.256914   4.609369   1.753357   8.9
0209 Dido                            221.053588  3.1444710  0.06560555 253.354141   0.874472   7.181891   8.2
0210 Isabella                        145.339544  2.7223827  0.12315523  14.516822  32.948154   5.264811   9.3
0211 Isolda                          111.178090  3.0431867  0.16022468 175.477772 263.865783   3.882964   7.8
0212 Medea                           285.504250  3.1138960  0.11656436 100.080249 313.939279   4.276158   8.2
0213 Lilaea                          215.999397  2.7522945  0.14702420 161.869595 122.259725   6.804999   8.6
0214 Aschera                          62.948935  2.6118515  0.03038421 134.113319 342.342400   3.432518   9.5
0215 Oenone                          117.365894  2.7660812  0.03461595 316.145693  25.115630   1.691015   9.5
0216 Kleopatra                       268.101834  2.7910870  0.25325243 179.340891 215.701048  13.138250   7.3
0217 Eudora                           94.713749  2.8688558  0.30843450 154.338495 163.174501  10.479707   9.8
0218 Bianca                          117.680714  2.6695703  0.11507703  61.702914 170.922116  15.230158   8.6
0219 Thusnelda                       237.490089  2.3541653  0.22407800 142.254874 200.999645  10.842204   9.3
0220 Stephania                       122.227188  2.3489314  0.25694694  78.363176 258.157827   7.589592  11.0
0221 Eos                             259.679354  3.0132822  0.09786497 195.537021 142.198917  10.860400   7.6
0222 Lucia                           260.012630  3.1328740  0.14419676 179.161436  80.448561   2.160054   9.1
0223 Rosa                            197.281803  3.0864611  0.12855796  58.823129  48.369286   1.944367   9.6
0224 Oceana                          293.264964  2.6452580  0.04454102 280.392408 353.248983   5.841592   8.5
0225 Henrietta                       194.455791  3.3816385  0.26999164 104.852277 197.252184  20.901746   8.7
0226 Weringia                        359.735360  2.7132055  0.20178275 153.011426 135.345651  15.920831   9.7
0227 Philosophia                     354.701257  3.1427909  0.20564259 261.648993 328.145647   9.138159   8.7
0228 Agathe                          168.013094  2.2018304  0.24145051  18.602178 313.619619   2.539242  12.4
0229 Adelinda                        127.498422  3.4124493  0.14917878 312.326163  28.368562   2.093476   9.1
0230 Athamantis                      146.622458  2.3828078  0.06072567 139.649485 240.013792   9.435105   7.3
0231 Vindobona                       149.179820  2.9167936  0.15814907 268.061743 350.943086   5.102896   9.2
0232 Russia                           60.122348  2.5492531  0.17854377  49.669348 152.809919   6.081685  10.2
0233 Asterope                         80.067698  2.6591650  0.10091546 124.433268 222.325851   7.665771   8.2
0234 Barbara                          53.092334  2.3855963  0.24384855 191.618350 144.695230  15.347112   9.0
0235 Carolina                        290.816550  2.8822696  0.06013216 207.212511  66.378589   9.045402   8.8
0236 Honoria                         346.848224  2.7993490  0.19194454 174.013247 186.204974   7.694184   8.1
0237 Coelestina                      277.436981  2.7628778  0.07198964 198.526918  84.510043   9.758871   9.2
0238 Hypatia                         300.734216  2.9077007  0.09159008 208.070389 184.239296  12.406583   8.1
0239 Adrastea                         46.616211  2.9721940  0.22906436 208.016446 180.973717   6.161987  10.3
0240 Vanadis                           5.286725  2.6648583  0.20468488 300.312015 115.261082   2.104525   9.0
0241 Germania                        143.723921  3.0515692  0.09766673  74.614238 271.103584   5.517477   7.5
0242 Kriemhild                        90.156212  2.8616283  0.12248226 277.413388 207.468765  11.327047   9.2
0243 Ida                             133.381639  2.8613514  0.04513481 112.268339 324.410165   1.136731   9.9
0244 Sita                            177.671948  2.1747147  0.13700541 165.978254 209.156850   2.840132  12.2
0245 Vera                             11.023726  3.0914856  0.20202030 326.796394  61.578898   5.177935   7.8
0246 Asporina                        142.088315  2.6934679  0.10805597  96.360347 162.552997  15.647898   8.6
0247 Eukrate                          82.372784  2.7424500  0.24309993  55.162516   0.295758  24.977410   8.0
0248 Lameia                           29.533379  2.4710766  0.06305526  10.643182 247.230993   4.042778  10.2
0249 Ilse                            250.305663  2.3770243  0.21657652  41.741030 334.912578   9.642615  11.3
0250 Bettina                         335.499266  3.1491431  0.12385437  74.206038  24.143345  12.844664   7.5
0251 Sophia                          181.381638  3.0893978  0.10715203 288.855015 156.489927  10.528827  10.0
0252 Clementina                       53.745311  3.1541401  0.07822045 154.217620 202.322447  10.066743   9.1
0253 Mathilde                        101.158009  2.6458456  0.26601804 156.248737 179.864737   6.709089  10.2
0254 Augusta                         140.581577  2.1942830  0.12217063 232.922463  28.636126   4.516725  12.1
0255 Oppavia                         273.114353  2.7444026  0.07974489 154.403492  13.827893   9.482309  10.3
0256 Walpurga                        174.657437  2.9971241  0.06998461  51.392118 183.135988  13.320509   9.8
0257 Silesia                         292.259041  3.1197419  0.12299013  24.577939  34.943301   3.647599   9.4
0258 Tyche                            60.884178  2.6149412  0.20396322 154.040353 207.885684  14.263507   8.5
0259 Aletheia                         53.981601  3.1484018  0.11306988 166.697577  87.670691  10.762912   7.7
0260 Huberta                         176.164560  3.4387277  0.12684784 177.214708 165.885941   6.442845   8.9
0261 Prymno                            9.041008  2.3314516  0.09100015  65.535176  96.809480   3.634405   9.4
0262 Valda                           113.482653  2.5525257  0.21420827  24.696863  38.749090   7.712221  11.6
0263 Dresda                          293.752219  2.8855130  0.08041603 160.823884 216.788320   1.308813  10.4
0264 Libussa                         306.873940  2.7986098  0.13758779 339.555683  49.859048  10.429892   8.4
0265 Anna                            156.112314  2.4197705  0.26776555 252.052166 335.662838  25.629183  11.2
0266 Aline                           107.570631  2.8059946  0.15460069 150.853524 236.196574  13.384801   8.8
0267 Tirza                             0.847546  2.7740502  0.09774806 195.472013  74.038822   6.004043  10.5
0268 Adorea                          186.578216  3.0997318  0.12927038  70.239260 121.016074   2.436140   8.2
0269 Justitia                        121.847162  2.6148767  0.21460851 120.240131 156.846976   5.478231   9.5
0270 Anahita                          23.846511  2.1985505  0.15076054  79.999861 254.701231   2.366269   8.7
0271 Penthesilea                      78.690860  3.0075784  0.09616159  55.975551 335.780646   3.547806   9.8
0272 Antonia                         338.304637  2.7767946  0.02817034  68.733528  37.562930   4.441938  10.7
0273 Atropos                         174.307522  2.3946988  0.16094551 120.001497 159.243441  20.421388  10.2
0274 Philagoria                      256.855731  3.0400733  0.12574177 121.672971  92.969079   3.683180  10.1
0275 Sapientia                       334.275993  2.7729195  0.16193116  37.985611 134.317848   4.768810   8.8
0276 Adelheid                         95.792320  3.1133817  0.07272097 270.587048 211.431495  21.653965   8.5
0277 Elvira                           23.253687  2.8846702  0.09088628 133.648620 231.867848   1.155230   9.8
0278 Paulina                          63.737052  2.7530627  0.13461112 138.743904  62.241211   7.821150   9.4
0279 Thule                             9.827832  4.2852308  0.01039057  81.022136  73.683388   2.337989   8.5
0280 Philia                          208.768631  2.9411915  0.11035856  86.340827  10.485876   7.460042  10.7
0281 Lucretia                        312.318919  2.1883463  0.13237061  16.177346  31.555852   5.307766  12.0
0282 Clorinde                        260.101452  2.3401861  0.08125240 295.243858 145.099820   9.025291  10.9
0283 Emma                            341.323069  3.0449882  0.15476890  54.835799 304.632062   7.996833   8.7
0284 Amalia                            3.711727  2.3580122  0.22319650  57.743482 234.088454   8.054268  10.0
0285 Regina                           13.598594  3.0841231  0.20980309  15.864339 311.521888  17.626000  10.5
0286 Iclea                           338.996226  3.2013141  0.03850797 224.966752 149.356358  17.890212   8.9
0287 Nephthys                        123.895181  2.3528457  0.02454706 120.575338 142.520064  10.021369   8.3
0288 Glauke                          196.929213  2.7560992  0.20897180  83.475120 120.608513   4.329717   9.8
0289 Nenetta                         207.203460  2.8742647  0.20429349 189.975993 182.338739   6.688317   9.5
0290 Bruna                           151.862108  2.3360811  0.25960599 104.833502  10.678850  22.314966  11.5
0291 Alice                           311.081446  2.2216677  0.09255373 331.940221 161.735455   1.852588  11.4
0292 Ludovica                        212.744549  2.5297281  0.03237406 284.109859  43.731512  14.930999   9.5
0293 Brasilia                        203.932127  2.8667039  0.10352569  86.759361  61.579247  15.556262   9.9
0294 Felicia                         128.127754  3.1366365  0.24767603 184.764753 136.301522   6.304267   9.6
0295 Theresia                        316.272695  2.7984762  0.16876502 147.083120 276.558452   2.699407  10.1
0296 Phaetusa                        118.090517  2.2291602  0.15992725 252.281440 121.638446   1.746189  12.6
0297 Caecilia                         37.459607  3.1623212  0.14687579 356.524910 332.284302   7.553593   9.5
0298 Baptistina                      100.740516  2.2633072  0.09645954 134.306807   8.394286   6.290191  11.0
0299 Thora                           127.501216  2.4347080  0.06112584 151.268072 241.687590   1.600079  11.4
0300 Geraldina                       247.637511  3.2050189  0.04719453 338.009655  42.942901   0.747405   9.6
0301 Bavaria                         111.695900  2.7251854  0.06594528 123.804256 142.681707   4.894518  10.1
0302 Clarissa                        270.740624  2.4059390  0.11238577  54.387888   8.005252   3.414456  10.8
0303 Josephina                       252.138141  3.1183958  0.07154502  69.778014 344.373602   6.897792   8.7
0304 Olga                            118.754032  2.4040035  0.22011649 171.904586 159.328661  15.815492   9.7
0305 Gordonia                        292.110382  3.1011875  0.18467365 258.939171 207.910860   4.443922   8.7
0306 Unitas                           93.836476  2.3572863  0.15097693 166.960963 142.084912   7.263573   8.9
0307 Nike                            302.604978  2.9123889  0.14045351 322.085198 101.342126   6.113046  10.1
0308 Polyxo                           86.131647  2.7493265  0.03966892 112.986940 181.952196   4.361977   8.1
0309 Fraternitas                     135.143397  2.6635232  0.11662544 310.323968 356.705717   3.721986  10.4
0310 Margarita                       160.095099  2.7657091  0.11413176 324.572468 229.557326   3.162737  10.3
0311 Claudia                           5.364473  2.8980735  0.00740437  67.476599  81.261017   3.227944   9.8
0312 Pierretta                        81.174340  2.7833243  0.16064100 261.465348   6.788303   9.041926   8.8
0313 Chaldaea                        285.735851  2.3759328  0.17915912 315.839013 176.864507  11.642327   8.9
0314 Rosalia                          33.217467  3.1445019  0.18458182 190.158892 170.636681  12.577913   9.5
0315 Constantia                      308.360313  2.2409848  0.16834730 172.668162 161.794209   2.423956  13.2
0316 Goberta                         244.661397  3.1670763  0.14990813 315.575874 124.162890   2.340108   9.8
0317 Roxane                          318.149988  2.2862205  0.08554386 186.877554 151.468667   1.761153  10.0
0318 Magdalena                        93.701345  3.1976477  0.08071523 302.524790 161.763903  10.623726   9.4
0319 Leona                           358.950563  3.3848465  0.22860058 228.071537 185.501551  10.561405   9.8
0320 Katharina                       152.550195  3.0160879  0.10912489 149.507978 220.395153   9.362714  10.7
0321 Florentina                      239.330806  2.8852140  0.04733200  32.426613  40.498116   2.596762  10.0
0322 Phaeo                            23.149539  2.7813721  0.24669679 113.623829 252.941440   8.018958   9.0
0323 Brucia                           30.055626  2.3817062  0.30125553 291.297021  97.516759  24.232135   9.7
0324 Bamberga                        186.263156  2.6852633  0.33753460  44.170334 328.123622  11.100035   6.8
0325 Heidelberga                     315.464444  3.2059049  0.17153895  67.546451 345.345681   8.551153   8.6
0326 Tamara                          342.177821  2.3178711  0.18913331 238.586209  32.378996  23.720153   9.3
0327 Columbia                        246.974916  2.7766182  0.06166072 306.004779 355.163719   7.140946  10.1
0328 Gudrun                          221.499315  3.1046712  0.11750525 101.695753 352.750576  16.120503   8.6
0329 Svea                             58.700432  2.4762870  0.02266314  51.095432 178.606143  15.894078   9.6
0330 Adalberta                       355.973085  2.4684845  0.25186262 259.237581 137.242375   6.754702  12.6
0331 Etheridgea                      286.750438  3.0225241  0.10110132 337.429295  22.303678   6.062222   9.6
0332 Siri                            217.582466  2.7740059  0.08806401 296.248589  31.924113   2.851960   9.5
0333 Badenia                          40.643622  3.1217919  0.16957378  17.462305 354.190564   3.796747   9.4
0334 Chicago                         352.394803  3.8705076  0.04230027 137.925716 130.741831   4.658166   7.6
0335 Roberta                         125.343010  2.4727481  0.17618114 139.144118 148.589705   5.089064   8.9
0336 Lacadiera                       199.701392  2.2514757  0.09557560  30.520050 235.265198   5.648805   9.7
0337 Devosa                          201.769342  2.3821279  0.13910102  98.530608 355.613311   7.857821   8.7
0338 Budrosa                          67.955472  2.9123427  0.01739892 116.318951 287.840007   6.046596   8.5
0339 Dorothea                        113.662409  3.0104486  0.09946637 158.888093 173.899810   9.940232   9.2
0340 Eduarda                          33.556209  2.7463377  0.11504614  42.575731  27.207400   4.676579   9.9
0341 California                      181.866871  2.1997731  0.19367716 293.332480  29.269021   5.671599  10.5
0342 Endymion                        195.404157  2.5675706  0.12915850 225.249964 232.870266   7.333003  10.2
0343 Ostara                           80.624169  2.4125420  0.22955948   9.192907  38.800832   3.275601  11.5
0344 Desiderata                      185.230752  2.5916938  0.31823900 236.635264  48.597116  18.399317   8.0
0345 Tercidina                       255.096679  2.3261438  0.06154117 229.340523 212.877235   9.740731   8.7
0346 Hermentaria                     238.044387  2.7949146  0.10235505 291.560718  92.236394   8.754331   7.1
0347 Pariana                         268.348531  2.6121683  0.16391943  85.252868  85.899425  11.698631   8.9
0348 May                             195.915347  2.9673569  0.07281918   8.768071  90.398423   9.756407   9.4
0349 Dembowska                        88.320586  2.9253393  0.08619878 344.555335  32.654189   8.244848   5.9
0350 Ornamenta                        72.115558  3.1159051  0.15298121 338.627762  90.375319  24.885796   8.3
0351 Yrsa                            304.718299  2.7641290  0.15509935  31.934989  99.512214   9.195764   8.9
0352 Gisela                          232.987853  2.1936737  0.14969468 144.180218 247.556625   3.379707  10.0
0353 Ruperto-Carola                  147.345884  2.7321433  0.33093850 321.155125 102.669504   5.709464  11.0
0354 Eleonora                        174.853257  2.7994800  0.11443979   5.237534 140.706542  18.423181   6.4
0355 Gabriella                        42.462280  2.5386262  0.10520802 105.064539 352.159480   4.279290  10.4
0356 Liguria                          47.372986  2.7573982  0.23834476  78.955452 354.924146   8.227362   8.2
0357 Ninina                           70.009226  3.1495409  0.07461797 245.922064 138.228296  15.101549   8.7
0358 Apollonia                       289.875811  2.8810670  0.15083230 251.084296 172.525675   3.549583   9.1
0359 Georgia                         321.304500  2.7282532  0.15637345 338.352778   6.453132   6.783174   8.8
0360 Carlova                         176.724950  2.9984648  0.18141934 289.271265 132.735083  11.704036   8.4
0361 Bononia                         221.423207  3.9475598  0.21314025  70.068646  19.216309  12.659474   8.2
0362 Havnia                          270.839730  2.5797265  0.04484691  30.842661  27.454936   8.069028   9.0
0363 Padua                           205.806745  2.7478791  0.07023063 295.062240  65.055391   5.956011   9.0
0364 Isara                            37.522270  2.2206500  0.14867335 312.591170 105.698197   6.001814   9.8
0365 Corduba                         289.130958  2.8022276  0.15757864 215.145461 185.540680  12.805104   9.1
0366 Vincentina                      209.819239  3.1448979  0.05947332 320.018396 347.110946  10.560562   8.5
0367 Amicitia                         16.515359  2.2194374  0.09621787  55.451717  83.570120   2.942984  10.7
0368 Haidea                          145.630128  3.0663315  0.20757823  90.779364 227.721088   7.772739   9.9
0369 Aeria                            46.130897  2.6480438  0.09765975 267.858126  94.542324  12.717189   8.5
0370 Modestia                        174.033271  2.3248735  0.09064836  68.224482 291.235866   7.864487  10.6
0371 Bohemia                         139.867597  2.7256596  0.06325975 342.064819 283.874242   7.389957   8.7
0372 Palma                           188.621559  3.1413664  0.26364528 116.328946 327.526890  23.868031   7.2
0373 Melusina                         23.295202  3.1121032  0.14906179 348.313142   4.077310  15.456241   9.1
0374 Burgundia                       332.355168  2.7789936  0.08095398  24.500951 219.409364   9.002971   8.6
0375 Ursula                           14.900863  3.1293101  0.10736210 346.850927 336.779897  15.947341   7.4
0376 Geometria                       185.257769  2.2878532  0.17246309 315.931934 302.330615   5.428737   9.4
0377 Campania                        239.113915  2.6891832  0.07783982 196.189225 210.357989   6.681188   8.8
0378 Holmia                          246.804707  2.7749581  0.13076295 157.090487 232.810937   7.006730   9.8
0379 Huenna                           32.594918  3.1281200  0.19339601 180.270293 172.307226   1.668503   8.8
0380 Fiducia                          68.224435  2.6771183  0.11541099 239.096830  95.389843   6.160818   9.4
0381 Myrrha                          313.710834  3.2154151  0.10244981 134.806936 125.498073  12.524195   8.2
0382 Dodona                          262.584011  3.1159668  0.17793980 271.758179 313.697760   7.409294   8.7
0383 Janina                          354.386673  3.1385971  0.16843040 317.753944  93.239471   2.650343   9.9
0384 Burdigala                       107.667658  2.6520837  0.14846682  34.063068  48.155665   5.607126   9.6
0385 Ilmatar                         252.598975  2.8474128  0.12511095 188.872225 345.282970  13.568591   7.4
0386 Siegena                         185.036013  2.8967418  0.17116356 220.572477 167.051813  20.239994   7.4
0387 Aquitania                       250.535780  2.7396136  0.23721455 156.120740 128.529612  18.073044   7.4
0388 Charybdis                       208.287917  3.0072559  0.05840671 327.634234 354.813237   6.448704   8.5
0389 Industria                       244.602479  2.6076175  0.06549692 264.985149 282.640636   8.140775   7.8
0390 Alma                             70.251961  2.6521322  0.13072149 190.540923 305.422086  12.139224  10.3
0391 Ingeborg                        140.712344  2.3205682  0.30664090 146.608651 213.048343  23.169795  10.1
0392 Wilhelmina                       75.107058  2.8855724  0.13708310 173.349841 210.082903  14.287972   9.7
0393 Lampetia                        209.690730  2.7776654  0.33176438  89.308554 213.368309  14.874985   8.3
0394 Arduina                         254.954997  2.7637918  0.22614091 270.098412  67.417222   6.224250   9.6
0395 Delia                           254.277847  2.7851288  0.08596169  10.457104 259.815836   3.357230  10.3
0396 Aeolia                           90.492841  2.7424685  0.15837970  20.481270 250.248780   2.541645   9.9
0397 Vienna                          122.902160  2.6370435  0.24433890 139.231339 228.434452  12.830844   9.3
0398 Admete                          318.919279  2.7401114  0.22200395 159.054167 280.235729   9.517740  10.3
0399 Persephone                      126.041675  3.0524025  0.07187838 185.102908 346.947526  13.140700   9.0
0400 Ducrosa                         195.641777  3.1272786  0.11225164 240.645051 327.349723  10.529205  10.1
0401 Ottilia                         198.236059  3.3442851  0.04558433 285.668426  36.366282   5.968590   9.1
0402 Chloe                           113.804328  2.5569360  0.11414569  17.680645 129.743973  11.825200   9.0
0403 Cyane                            51.928734  2.8104190  0.09783474 253.088835 244.916501   9.160416   9.1
0404 Arsinoe                         283.477524  2.5929385  0.20040209 121.211394  92.727955  14.123208   9.0
0405 Thia                              1.448621  2.5811580  0.24784395 308.852584 255.398792  11.946026   8.4
0406 Erna                            221.387468  2.9179578  0.17857160  38.162814 316.033660   4.188385  10.3
0407 Arachne                          66.890674  2.6240283  0.06925398  80.473236 294.933176   7.543337   8.8
0408 Fama                             81.177259  3.1730087  0.13421786 104.213024 298.136061   9.114253   9.5
0409 Aspasia                         126.898297  2.5776981  0.07026702 353.841774 242.472470  11.231911   7.6
0410 Chloris                         122.177903  2.7264868  0.23809041 172.436264  97.293504  10.928525   8.3
0411 Xanthe                          316.413239  2.9361361  0.11107268 181.333980 107.755531  15.307522   8.9
0412 Elisabetha                       24.061021  2.7624300  0.04337650  92.394591 106.675632  13.760642   9.0
0413 Edburga                         316.719875  2.5811082  0.34615353 252.225830 104.246292  18.728139  10.1
0414 Liriope                         261.092991  3.5133002  0.07714427 327.851103 111.379317   9.556344   9.4
0415 Palatia                          40.149013  2.7937087  0.29938955 297.399791 127.112622   8.172405   9.2
0416 Vaticana                        314.154542  2.7882529  0.22039943 196.893446  58.450379  12.922465   7.8
0417 Suevia                          318.856814  2.8011889  0.13414651 346.969162 199.890685   6.613835   9.3
0418 Alemannia                       115.425647  2.5933409  0.11762348 125.849115 249.208359   6.828340   9.7
0419 Aurelia                         181.986799  2.5926714  0.25589050  43.987109 229.690082   3.930630   8.4
0420 Bertholda                       283.761363  3.4133585  0.04393648 220.780412 243.834903   6.656541   8.3
0421 Zahringia                        34.784394  2.5414591  0.28125498 209.145259 187.613689   7.763168  11.7
0422 Berolina                        234.218724  2.2285137  0.21431804 335.030342   9.262680   5.000730  10.8
0423 Diotima                          95.432075  3.0678734  0.04007108 211.042272  69.598024  11.235085   7.2
0424 Gratia                           21.141253  2.7736711  0.10757013 332.826486  99.488055   8.212195   9.8
0425 Cornelia                        175.615629  2.8905007  0.05761060 124.447433  61.272759   4.048507   9.9
0426 Hippo                             4.576368  2.8876901  0.10642579 220.161741 311.778195  19.532202   8.4
0427 Galene                          262.924846  2.9750988  0.11355130  10.700611 297.889401   5.116078   9.8
0428 Monachia                        272.263020  2.3073151  0.17877236  15.473615  17.805661   6.198153  11.5
0429 Lotis                           344.622427  2.6081399  0.12320028 167.562282 220.168333   9.510105   9.8
0430 Hybris                          358.248787  2.8473339  0.25171645 179.013215 249.647314  14.564130  10.3
0431 Nephele                         143.941558  3.1307259  0.17975865 212.305860 117.451906   1.827935   8.7
0432 Pythia                           19.917822  2.3693095  0.14496020 174.240460  89.020473  12.123511   8.8
0433 Eros                            112.952573  1.4581676  0.22298100 178.623163 304.431234  10.830837  11.1
0434 Hungaria                        341.451814  1.9441139  0.07357096 123.971459 175.445838  22.505540  11.2
0435 Ella                             10.143565  2.4498058  0.15495197 332.575980  23.341522   1.818186  10.2
0436 Patricia                        135.685126  3.2064502  0.05816553  33.728242 351.601755  18.478725   9.8
0437 Rhodia                           31.444399  2.3853582  0.24887628  60.843646 263.649440   7.368493  10.4
0438 Zeuxo                           292.905636  2.5536520  0.06946261 208.045616  49.368228   7.396032   9.8
0439 Ohio                            309.842693  3.1326647  0.06375471 233.966579 201.894960  19.183617   9.8
0440 Theodora                         45.014876  2.2104203  0.10772080 178.951233 292.433432   1.597632  11.5
0441 Bathilde                         43.459366  2.8065700  0.08115697 202.453414 253.985374   8.144671   8.5
0442 Eichsfeldia                     174.296950  2.3448755  0.07201062  85.463559 135.067682   6.061452  10.0
0443 Photographica                    36.991095  2.2154695  0.04086133 348.846092 175.609893   4.231195  10.2
0444 Gyptis                           42.628180  2.7690442  0.17623065 154.031958 195.921889  10.270448   7.8
0445 Edna                            137.624789  3.2011398  0.18954341  77.762954 292.916325  21.426236   9.2
0446 Aeternitas                      126.826323  2.7866886  0.12664724 278.647519  42.363700  10.613852   8.9
0447 Valentine                        46.793434  2.9849639  0.03933313 313.980803  72.149959   4.796801   8.9
0448 Natalie                         295.691951  3.1420474  0.17860556 295.946001  37.551023  12.733002  10.3
0449 Hamburga                        337.395936  2.5526703  0.17068706  46.661470  86.066364   3.090679   9.4
0450 Brigitta                        322.297385  3.0158662  0.10598154 357.282340  14.777234  10.168072  10.2
0451 Patientia                       138.508366  3.0613191  0.07479038 342.864144  89.470040  15.230600   6.6
0452 Hamiltonia                      106.764545  2.8455809  0.01407943  58.592789  92.697856   3.224906  11.2
0453 Tea                             102.332903  2.1842093  0.10838938 220.280320  11.880905   5.557476  10.6
0454 Mathesis                         11.302651  2.6261113  0.11342004 176.805800  32.599252   6.315638   9.2
0455 Bruchsalia                      158.883985  2.6588705  0.29101247 272.140376  76.770558  12.031790   8.8
0456 Abnoba                           45.355630  2.7892594  0.17714854   5.417183 229.539229  14.402981   9.2
0457 Alleghenia                      347.346474  3.0887172  0.18331626 128.335466 249.924596  12.943668  11.0
0458 Hercynia                        289.884903  2.9905875  0.24538946 274.718320 135.070576  12.641061   9.6
0459 Signe                           357.831308  2.6210593  0.20758827  18.938904  29.665110  10.287636  10.4
0460 Scania                          305.946147  2.7170802  0.10622614 162.240122 205.481494   4.633613  10.6
0461 Saskia                          228.557225  3.1141878  0.15388478 301.447220 157.500519   1.439641  10.4
0462 Eriphyla                         49.031450  2.8721351  0.08647229 248.253957 105.494578   3.191010   9.2
0463 Lola                            123.676682  2.3986849  0.22068773 329.294733  36.680885  13.560468  11.8
0464 Megaira                          13.698827  2.8015573  0.20613995 257.348142 102.772044  10.158539   9.5
0465 Alekto                          248.692322  3.0875216  0.21155500 285.114173 300.818801   4.661241   9.7
0466 Tisiphone                       226.732247  3.3583759  0.08044349 244.985553 291.252065  19.160791   8.3
0467 Laura                           154.315375  2.9436937  0.11055039  93.828155 322.742524   6.443083  10.5
0468 Lina                            292.502982  3.1331689  0.19592103 335.487414  21.608242   0.443701   9.8
0469 Argentina                        84.461297  3.1573024  0.17478542 205.670921 334.786157  11.721976   8.6
0470 Kilia                            17.379010  2.4047002  0.09320881  45.158332 173.424317   7.234631  10.0
0471 Papagena                        159.579194  2.8884698  0.23194332 314.836565  84.140004  14.983929   6.7
0472 Roma                            210.289369  2.5430204  0.09443501 296.047436 127.454088  15.804790   8.9
0473 Nolli                           171.862217  2.6612723  0.10764496 152.695703 332.577404  12.941357  12.3
0474 Prudentia                       322.727664  2.4520232  0.21235910 156.276541 161.949973   8.806446  10.6
0475 Ocllo                            56.041504  2.5900747  0.38382424 304.581455  34.991145  18.849739  11.8
0476 Hedwig                          209.948775  2.6496063  0.07494721 359.622486 286.595650  10.950090   8.5
0477 Italia                          291.111813  2.4146766  0.18941624 322.395000  10.788839   5.295359  10.2
0478 Tergeste                         70.401441  3.0156891  0.08758388 243.264893 234.152499  13.179953   7.9
0479 Caprera                         192.328129  2.7195935  0.22020018 269.406673 136.354191   8.663341   9.6
0480 Hansa                            13.624149  2.6439319  0.04534189 213.167793 237.492278  21.295702   8.3
0481 Emita                           147.678547  2.7402571  0.15780097 349.279678  67.057009   9.860964   8.6
0482 Petrina                         110.359415  2.9967742  0.10206138  89.847306 179.582386  14.474991   8.8
0483 Seppina                         280.621561  3.4245946  0.05284106 143.106006 174.522703  18.666474   8.3
0484 Pittsburghia                    293.402947  2.6673570  0.05560757 189.837525 127.560332  12.488119   9.8
0485 Genua                           132.381575  2.7489786  0.19105655 271.360283 193.935716  13.869319   8.3
0486 Cremona                         249.041307  2.3509922  0.16461504 123.954727  94.405832  11.079873  10.7
0487 Venetia                         272.040355  2.6694257  0.08851890 280.703314 115.139971  10.235308   8.1
0488 Kreusa                          121.797782  3.1480842  0.17538128  69.334363  85.150771  11.498039   7.8
0489 Comacina                        202.901701  3.1559682  0.03610573   9.676250 167.222225  12.978704   8.3
0490 Veritas                         313.782029  3.1712932  0.10115987 199.336694 178.573488   9.266093   8.3
0491 Carina                          226.616987  3.1849984  0.09019434 239.750156 175.726050  18.908803   8.5
0492 Gismonda                        173.154664  3.1184802  0.17244472 290.969596  46.934773   1.626893   9.8
0493 Griseldis                        96.089796  3.1277814  0.16480671  46.086814 357.651754  15.146220  10.3
0494 Virtus                          330.294503  2.9865659  0.05944953 211.453424  38.682900   7.096712   8.9
0495 Eulalia                         147.436076  2.4881277  0.12945870 206.926759 186.679834   2.279148  10.7
0496 Gryphia                          72.175490  2.1989825  0.07943503 258.641503 207.805504   3.787443  11.6
0497 Iva                             334.037535  2.8504803  0.30207753   2.764244   6.825395   4.841258  10.0
0498 Tokio                           112.167872  2.6498379  0.22425650 240.044576  97.730647   9.526165   8.9
0499 Venusia                          57.850320  4.0125541  0.21418665 176.774459 256.660177   2.088990   9.3
0500 Selinur                         302.962859  2.6122893  0.14664415  74.473699 290.322970   9.764275   9.3