3001 Michelangelo                    252.426908  2.3567671  0.07029831 135.630517 297.904501  18.371763  12.4
3002 Delasalle                       231.026437  2.2394392  0.13132194 132.278867 115.569292   6.142218  12.8
3003 Koncek                          337.459928  3.0250286  0.12194259 281.303626 104.238053  11.583948  11.3
3004 Knud                            131.572736  2.5898525  0.26647161 212.199694 322.800556  30.228333  15.1
3005 Pervictoralex                   118.172032  2.3674749  0.18676193  77.335054 177.778422   2.356683  13.7
3006 Livadia                         343.742407  2.4335515  0.18792184   5.850441   8.749075   3.046785  14.0
3007 Reaves                          112.180252  2.3679416  0.13251844 251.928869  68.970691   8.344085  12.4
3008 Nojiri                          181.337629  3.1624145  0.14282291 301.906205 168.891355   0.795596  12.0
3009 Coventry                        237.957957  2.1969334  0.20470638 316.210637   8.691933   4.561710  14.1
3010 Ushakov                         219.721621  3.2129044  0.18175863 170.439241 127.236786   2.033812  12.2
3011 Chongqing                       144.912633  3.2067738  0.19734216 210.368132 207.431820   6.205349  11.9
3012 Minsk                            15.595167  3.2243616  0.06138603  83.732147 355.378060  18.273953  11.1
3013 Dobrovoleva                     349.556301  2.3586789  0.13936103  94.492860   7.352004   3.667470  13.3
3014 Huangsushu                       89.420338  2.3635961  0.22702953 179.909410 140.827492   0.983871  13.0
3015 Candy                           334.733710  3.4004007  0.16197089 303.459244  38.575167  17.412854  11.1
3016 Meuse                           294.332405  2.8350665  0.04104356 319.030816 129.088126   2.892145  12.4
3017 Petrovic                        283.274871  2.6073734  0.12926385 216.268830 257.927535  11.823666  11.4
3018 Godiva                          111.818535  2.3674729  0.18652219  71.535605 228.657219   4.735611  12.8
3019 Kulin                            73.019972  2.8641919  0.05145740 321.560687 104.374236   3.220325  11.7
3020 Naudts                          227.831406  2.7620564  0.05895120 194.744864 142.124986   6.261788  12.2
3021 Lucubratio                      239.001577  3.1749046  0.25846830  96.745536 353.315115  16.574179  11.9
3022 Dobermann                       176.196384  1.9309008  0.10393629 247.223781 180.971680  23.520997  13.4
3023 Heard                            86.877021  2.2162423  0.08442142 343.999410 230.888405   3.987969  13.6
3024 Hainan                          255.726799  3.4245486  0.11406091 338.323824  28.445070  14.794529  10.7
3025 Higson                          222.635368  3.1973752  0.08720318 120.338781 293.765583  20.987157  11.6
3026 Sarastro                         24.373311  3.0337311  0.03023804 116.087749 216.106197   9.640135  11.9
3027 Shavarsh                        187.663468  2.6749267  0.21696020 153.733091 194.982527   1.959829  13.3
3028 Zhangguoxi                      128.507912  3.0211992  0.02384345 356.895055 189.924429   9.505099  10.7
3029 Sanders                          20.465281  2.2395497  0.11123995 268.397185 313.969087   3.425990  13.0
3030 Vehrenberg                      141.367780  2.2700850  0.24435219 109.521979 293.153529   3.488769  14.3
3031 Houston                          68.282946  2.2358118  0.09760508 248.508566 318.054141   4.344703  13.0
3032 Evans                           124.510588  2.8944572  0.07980247 274.823003  88.642556   3.226568  11.4
3033 Holbaek                          44.566301  2.2354759  0.09442495  66.841664 167.045953   4.736498  13.0
3034 Climenhaga                      310.148532  2.3235656  0.21080430 313.447190  10.831975   4.924829  12.3
3035 Chambers                        108.709570  2.6364315  0.13085912  29.039357 180.319341   2.585719  12.4
3036 Krat                            229.581332  3.2158895  0.09187831 314.650912  24.345554  22.848448   9.8
3037 Alku                            191.854900  2.6735771  0.18832739 329.874663 108.038693  18.979947  11.6
3038 Bernes                           65.310070  2.4386713  0.20402958  10.719434 351.892313   4.707368  13.7
3039 Yangel                           17.016336  2.5580980  0.14231436  71.191638 190.830575  15.277372  12.5
3040 Kozai                           330.705609  1.8407571  0.20038784 290.195279 143.586712  46.640249  14.5
3041 Webb                            261.337066  2.5868962  0.14646478 350.970431  82.698176  14.610979  12.5
3042 Zelinsky                        276.378058  2.2779060  0.20959183  70.142824 226.505970   4.990266  13.8
3043 San Diego                       307.688244  1.9266877  0.10663461  31.481877 351.214611  21.791430  13.6
3044 Saltykov                         54.889317  2.8502316  0.16144273  69.829906 242.738013  13.522505  12.0
3045 Alois                           310.443574  3.1292619  0.11764598 335.152895  36.444880   3.346865  11.4
3046 Moliere                         228.432432  3.1316742  0.15611195 263.844393 188.921318  18.346247  12.2
3047 Goethe                          246.439431  2.6419123  0.02702947  82.782260 317.933585   1.612692  12.7
3048 Guangzhou                       303.913887  2.3986734  0.14454820 266.518873 214.482785   1.938332  13.4
3049 Kuzbass                         118.593563  3.1152137  0.13920779 170.777046  95.093446   2.498268  11.6
3050 Carrera                         293.046851  2.2246461  0.18897803  84.711380 240.385732   1.303558  14.1
3051 Nantong                         289.386366  2.5920999  0.25954637  92.839867 280.591860  13.338904  12.8
3052 Herzen                          267.981385  2.3739918  0.18219373 279.599004 238.676900   3.901132  13.1
3053 Dresden                         252.197545  2.3797610  0.20623328 316.352160   6.992104   4.618620  12.9
3054 Strugatskia                     309.922548  3.0971854  0.20718844 189.547236 146.382615   2.076861  11.3
3055 Annapavlova                     250.236357  2.5609455  0.10822218  63.391803   3.556300  15.018258  12.5
3056 INAG                            124.114687  2.4199833  0.11543020 346.076872  11.662232   5.643326  12.9
3057 Malaren                           0.316014  2.2604070  0.07488626 121.543222  75.509498   7.277703  13.4
3058 Delmary                         152.515444  2.2490311  0.15683052 210.483097 208.038493   3.545567  14.3
3059 Pryor                           121.300713  2.2684321  0.12892509 241.633886 181.578075   2.358477  13.7
3060 Delcano                         219.969993  2.2782199  0.17699466   4.578610 326.931710   7.265876  13.4
3061 Cook                            359.514816  3.0885350  0.19863107 245.242763  98.185091   3.258762  11.9
3062 Wren                             39.489700  3.0174699  0.11242385 267.660099 110.749804  11.327387  10.8
3063 Makhaon                         289.791481  5.1712120  0.05906593 202.638284 287.868025  12.185062   8.6
3064 Zimmer                          254.036228  2.4548691  0.11789226   5.651163 157.332554   2.938271  13.0
3065 Sarahill                         79.430180  2.7173756  0.06557062 210.700466 303.406643   4.299585  11.8
3066 McFadden                          2.292500  2.5262198  0.13469793 186.961480 175.802001  15.561397  11.2
3067 Akhmatova                       204.178531  2.2449002  0.13855821  95.085221 350.694543   4.527232  13.0
3068 Khanina                         188.705370  2.2310372  0.10163602 132.789265  21.716201   6.448040  13.2
3069 Heyrovsky                       163.645855  2.3526431  0.24179432 123.626344 217.667918   1.677637  13.8
3070 Aitken                            7.757768  2.3060881  0.19639113  51.914447 170.590926   2.341025  13.8
3071 Nesterov                        160.107692  3.2170707  0.08038805  33.240645 134.540979   2.202169  11.8
3072 Vilnius                          16.258437  2.2388103  0.17980810 139.749990 152.665201   5.640050  14.0
3073 Kursk                           170.155515  2.2420848  0.13699502 232.133461 204.324813   5.031437  13.5
3074 Popov                            44.286174  2.3385844  0.11255607 151.277785 348.943214   2.424982  13.6
3075 Bornmann                        220.329778  2.2737918  0.13094827  10.452223 334.733330   9.979072  13.9
3076 Garber                          254.168050  2.2376392  0.18914474 166.287990 195.713031   7.705197  13.7
3077 Henderson                       201.856335  2.2402689  0.05574221 117.674181 297.772764   1.475388  12.7
3078 Horrocks                        208.350749  3.1556366  0.09255785 140.833641  32.814669   7.104303  11.6
3079 Schiller                        121.370974  2.6845274  0.21676498 300.497648 183.438350   3.918984  13.3
3080 Moisseiev                       330.614722  2.6095321  0.19674177 307.234632  48.350532  13.871856  11.7
3081 1971 UP                         100.977553  2.4101314  0.18196924 278.539405  44.143318   5.297006  13.8
3082 Dzhalil                          26.229417  2.5772070  0.07732762 230.877970 117.864980  10.347230  12.3
3083 OAFA                              8.772753  2.2844418  0.15089446 263.541447 346.741365   6.488330  13.8
3084 Kondratyuk                      183.553040  2.4378799  0.22668265 144.622513 186.118554   4.141499  13.2
3085 Donna                            62.082956  2.3884543  0.09970164 159.563192 271.228296   3.822358  13.1
3086 Kalbaugh                         74.090704  1.9357085  0.02642516 281.523973 300.907541  19.007797  13.6
3087 Beatrice Tinsley                317.780955  3.0796457  0.11323147  78.403164 338.913764  19.837446  12.8
3088 Jinxiuzhonghua                  334.612167  3.0183840  0.05074644 321.950413 171.396876  10.238386  11.8
3089 Oujianquan                      285.304095  2.9301188  0.18538916 182.637613  88.610006  16.725912  11.0
3090 Tjossem                          84.086899  3.1674889  0.08446288 180.979708 170.871613   9.600594  12.1
3091 van den Heuvel                  285.208689  2.3497627  0.16621671   8.620448 228.839069   2.005566  14.9
3092 Herodotus                       233.811254  3.5410236  0.11024210 359.600995   9.338796  10.878768  11.0
3093 Bergholz                         23.889357  2.6762098  0.20806138  60.780784 278.852691  12.753876  11.5
3094 Chukokkala                      135.652318  2.6499512  0.07168455  49.897101 172.677180  14.586660  12.0
3095 Omarkhayyam                     218.058384  3.4962607  0.06172447 117.698382 293.759280   2.981911  11.3
3096 Bezruc                          316.939134  2.6672571  0.19383843 166.279370 168.877983  12.151362  12.7
3097 Tacitus                         269.047379  2.9311385  0.08623847  85.207826 197.261240   7.448596  12.1
3098 van Sprang                      326.808097  2.3017955  0.21197734 195.168115 117.820184   1.344666  14.7
3099 Hergenrother                    339.883117  2.8776163  0.20515691 146.198979  31.451517  15.468618  11.4
3100 Zimmerman                       153.379380  2.2584634  0.08821217  93.982101  27.251852   2.824060  13.9
3101 Goldberger                      290.695050  1.9787173  0.04657096 208.962765 155.023645  28.554925  14.2
3102 Krok                            123.701072  2.1521998  0.44789911 154.353008 172.382993   8.410330  15.6
3103 Eger                             21.092348  1.4056478  0.35455748 253.809217 129.896855  20.935419  15.4
3104 Durer                           157.400942  2.9643785  0.08910902 245.473977 162.412178  24.160246  11.1
3105 Stumpff                         242.680858  2.2621233  0.19362851 198.472937 140.642843   6.476433  13.1
3106 Morabito                        102.907149  3.1566495  0.22892797 290.569868 121.728949  14.848251  10.8
3107 Weaver                           17.354293  2.2023404  0.20819480  49.698476 272.005490   1.602357  13.8
3108 Lyubov                          239.865034  2.2286448  0.16801898 226.418708 162.163390   3.282614  13.9
3109 1974 DC                           8.212599  2.4513326  0.08684304 257.554689  22.894375   7.183014  11.6
3110 Wagman                          152.895831  2.5614929  0.12481053  74.227884 348.164207   2.242625  13.2
3111 Misuzu                          270.915038  2.2232679  0.16120012 291.653701  95.511661   2.012202  13.9
3112 Velimir                         255.018820  2.3787505  0.19670441 246.271101  69.357067   3.953714  12.9
3113 Chizhevskij                      65.218015  2.4271188  0.07453900 196.136293 186.085244   4.967122  13.2
3114 Ercilla                         242.339025  2.4209264  0.19648199 107.330388 176.956276   2.230446  13.5
3115 Baily                           295.135262  2.5812812  0.14181296 171.535439 259.010261  10.158076  11.3
3116 Goodricke                         0.636819  2.2283466  0.20037512 270.487583  80.528285   5.470107  12.5
3117 Niepce                          266.673149  2.8467259  0.05522575 222.233332  93.481917   3.240990  12.3
3118 Claytonsmith                    262.703756  3.0337512  0.06347911 262.884567 305.147435  13.276572  10.9
3119 Dobronravin                     309.688493  3.0686350  0.19725219 325.349688 110.934844   4.725018  12.2
3120 Dangrania                       194.742773  3.0296194  0.09315748 136.574095 220.925542  12.951459  11.6
3121 Tamines                          31.788900  2.2275478  0.08532885  87.188574 125.679253   6.363184  13.4
3122 Florence                        298.290250  1.7684861  0.42280938  27.568625 336.221605  22.178983  14.2
3123 Dunham                          127.162443  2.4623864  0.13332054 223.101133 123.189456   1.991770  13.6
3124 Kansas                          296.089465  2.7448434  0.07743756 171.344783 161.238617   5.908446  13.5
3125 Hay                             335.782548  2.6007046  0.20155046 355.526903 134.498789  12.760893  12.3
3126 Davydov                         196.820454  3.0065760  0.10287557 163.137392 206.659281   9.706966  11.5
3127 Bagration                        11.160142  2.5985031  0.20152424  30.169400 294.037162   4.828653  12.2
3128 Obruchev                         92.731573  3.1076311  0.16441219 190.207184 102.509698   2.937723  11.5
3129 Bonestell                       167.745329  2.6982297  0.21635148  82.558125 121.164910   6.913313  12.4
3130 Hillary                         161.850455  2.4664651  0.19944273 244.526575 109.913666   4.210697  12.8
3131 Mason-Dixon                      65.441756  2.9223203  0.04161200 142.205082  45.100750   2.416583  12.1
3132 Landgraf                        147.727827  3.1546728  0.11479084 262.910622 113.344615   4.463293  11.6
3133 Sendai                           62.620824  2.1808535  0.16007323 358.027016  37.296904   6.568451  13.2
3134 Kostinsky                       257.735741  3.9773332  0.21994620 165.128736 257.315293   7.623276  10.7
3135 Lauer                           313.870511  2.4207344  0.14029078 118.141600 305.079788   5.986014  14.0
3136 Anshan                          297.088188  3.1632810  0.12845187  33.890307  81.044620   4.534345  11.8
3137 Horky                            37.780958  2.4014753  0.18956725 134.632719 286.925099   2.469410  13.4
3138 Ciney                           208.747684  2.2255197  0.07467511 320.092656 225.448811   4.614325  13.4
3139 Shantou                          95.919374  3.1932774  0.02933918  97.396602 253.103200  20.503761  10.6
3140 Stellafane                       82.466964  3.0156066  0.10672018 263.761928 102.036988  11.271729  10.9
3141 Buchar                          332.411614  3.4018025  0.07654884 139.939363 321.744097  10.934209  10.5
3142 Kilopi                          359.861321  2.5546852  0.08759224 189.113178 321.148429  14.166827  12.3
3143 Genecampbell                    232.698952  2.8444878  0.08535737 327.084698  80.254455   3.097033  12.6
3144 Brosche                          57.979766  2.2247288  0.20947364  95.243235 249.019603   5.509036  13.6
3145 Walter Adams                     87.221987  2.1918844  0.23586821  41.572899 283.857819   5.034947  14.4
3146 Dato                            304.970244  2.4353155  0.19637923  83.343762 183.603198   8.379885  13.2
3147 Samantha                         19.634256  2.6216524  0.19573403 242.613283 216.228412   3.540384  13.7
3148 Grechko                         134.161749  3.1106608  0.18451002  44.622145   1.275103   0.737198  11.8
3149 Okudzhava                       301.872290  2.2485092  0.15715472 236.768281 188.485366   7.128015  14.0
3150 Tosa                            155.463252  3.1961124  0.11987590 275.242086 350.474257  22.089217  11.0
3151 Talbot                           78.684949  2.7670728  0.13560606  37.673923 212.619395  19.495243  12.1
3152 Jones                           185.327969  2.6254345  0.08906695 290.539055 301.702356  11.334422  11.3
3153 Lincoln                         214.730703  2.4225007  0.12909070 347.483885  40.773621   7.705840  13.3
3154 Grant                           162.460740  3.1007772  0.16990005 308.367910 102.714763   2.474643  12.6
3155 Lee                             269.539293  2.3427576  0.10138823  28.209579  28.728022   7.200842  12.6
3156 Ellington                       178.213022  2.8555941  0.19659493 118.905930   7.348496  15.832864  11.3
3157 Novikov                         165.025987  3.1582315  0.13576646 317.203320  42.624460   7.574407  11.5
3158 Anga                             83.492709  2.5497145  0.10248603 228.469366 187.746308  14.565968  12.5
3159 Prokof'ev                       197.012031  2.5694121  0.10955539  57.476270 223.344610  14.606883  13.0
3160 Angerhofer                      334.294307  2.3770506  0.15548132 332.075230 310.872995   5.081003  13.5
3161 Beadell                         217.703391  2.5707169  0.17313666 255.999818 351.757296  14.917131  12.1
3162 Nostalgia                        68.920391  3.1618736  0.14865671 317.241983 128.857777  17.914183  11.3
3163 Randi                           202.018193  2.3963304  0.33257558 121.536000 194.317698   3.084287  13.6
3164 Prast                           179.097130  3.1441186  0.16961303  54.673186  64.900796   2.345480  11.9
3165 Mikawa                           50.870799  2.2442070  0.17921235 239.170643  88.802660   3.924083  12.8
3166 Klondike                        144.972830  2.2391292  0.11626642 118.409447  72.112779   5.239062  13.0
3167 Babcock                         286.226906  2.5412326  0.10586209 255.396692  18.008397  15.605934  11.4
3168 Lomnicky Stit                   251.059888  2.9955806  0.09314349 283.820153  23.250604  10.550130  11.8
3169 Ostro                           348.940860  1.8918272  0.06684787  32.682112  96.487916  24.902105  12.8
3170 Dzhanibekov                     200.457855  2.9276588  0.08850432  76.663801  27.245664   2.030091  12.0
3171 Wangshouguan                     79.773429  3.1917706  0.13273617  23.264884  32.125732  11.372692  10.8
3172 Hirst                           184.106583  2.4269753  0.22294497 271.182000  83.501734   3.647805  13.4
3173 McNaught                        124.299219  2.2032897  0.21076148 218.707031  79.480151   7.803327  13.2
3174 Alcock                          136.917840  3.1475880  0.17208751   6.913217  72.339798   2.375178  11.8
3175 Netto                            68.363516  2.3642183  0.21225947 189.712520 208.460426   0.638404  14.1
3176 Paolicchi                       199.377569  2.8739901  0.03326035  22.306873  53.515327  18.122439  10.9
3177 Chillicothe                      47.299150  2.6337269  0.14930514  40.461677  35.369967  15.953893  11.9
3178 Yoshitsune                      348.772181  2.7080400  0.38260506 241.535161 242.238222   6.807853  11.9
3179 Beruti                          314.039436  3.0965481  0.15100563 274.494080 179.843940   1.752811  11.9
3180 Morgan                          242.109242  2.2298031  0.14819505  44.354938 354.384260   5.276992  14.6
3181 Ahnert                           97.625419  2.2286407  0.06538778 303.784014 221.367899   3.953960  12.8
3182 Shimanto                         83.142315  2.6142142  0.14279653 161.809733 248.651096  12.577093  12.2
3183 Franzkaiser                     205.828618  3.1920573  0.12702197 212.961612 128.769481   2.173758  12.7
3184 Raab                             79.491862  2.6632743  0.26615428 236.927652  97.642131   8.219991  12.1
3185 Clintford                       139.881271  2.3661919  0.19369435 281.665402  71.372791   3.960840  14.0
3186 Manuilova                       178.224376  3.1149661  0.16919439 205.501544 170.235473   0.791134  12.3
3187 Dalian                          330.856710  2.2836253  0.05758971 104.536347 312.590106   2.756097  13.7
3188 Jekabsons                       229.741552  2.2893944  0.13360282  22.550453 336.669396   4.701333  14.1
3189 Penza                           223.383063  3.1031761  0.19168920 191.303285 177.864190   8.211157  12.6
3190 Aposhanskij                     298.979662  2.9947475  0.11710124   1.539473 358.590750   9.989510  12.8
3191 Svanetia                         72.813399  2.8767776  0.01090404 201.014798  50.997711   2.738233  12.1
3192 A'Hearn                         170.859016  2.3781555  0.16869103  90.190365  57.007585   2.879570  13.7
3193 Elliot                          305.649897  2.2960878  0.10492152  75.842100  11.985234   5.734932  13.4
3194 Dorsey                          307.581278  3.0114390  0.09840912 261.106566  64.602192  10.951775  12.0
3195 Fedchenko                         1.343331  2.9137498  0.06595473  58.141485 275.909340   0.863963  12.4
3196 Maklaj                          278.850040  3.0266123  0.02368165 341.165802  13.515870   8.988272  12.3
3197 Weissman                         39.277406  2.6654157  0.18016859 313.383251 111.918767  16.430390  11.7
3198 Wallonia                         30.593282  2.1804935  0.23871354  40.285038  83.757388  17.975139  12.3
3199 Nefertiti                       329.602420  1.5745054  0.28380000  53.298635 340.097761  32.976271  14.9
3200 Phaethon                        128.196515  1.2713187  0.89004187 321.831057 265.573189  22.104296  14.6
3201 Sijthoff                        247.294804  2.2576387  0.08775623  53.794159 109.584039   2.988859  13.7
3202 Graff                           129.380580  3.9461557  0.10153200 271.305639 205.582470  11.044463  10.7
3203 Huth                            327.523476  2.3226381  0.26258405 304.873201  48.719608   6.666213  13.9
3204 Lindgren                        144.920714  3.1711674  0.27240415 299.103469 108.766201   2.061469  12.2
3205 Boksenberg                       34.124673  2.6825640  0.19662535 281.868385 120.497971  12.312621  13.4
3206 Wuhan                           108.995669  2.5530271  0.23552203 355.088609  71.250920   8.674665  13.6
3207 Spinrad                          38.085347  2.9097498  0.06561673 153.869407 168.031168   2.211636  12.1
3208 Lunn                             98.200134  3.1110254  0.11769296  23.464273 137.140408   2.334732  12.0
3209 Buchwald                          7.630339  2.1925509  0.05361409  30.587024 128.406764   5.230142  13.6
3210 Lupishko                        178.874530  3.1145434  0.05250483   9.614736 128.712783  13.642822  11.2
3211 Louispharailda                   30.436384  2.7361319  0.24729190  83.820173 337.465147  10.508068  12.8
3212 Agricola                        304.207051  2.2558607  0.15199885  35.237393 110.143628   7.809422  13.8
3213 Smolensk                        194.984436  3.2114174  0.14441886 321.328706  34.229266   0.963428  12.2
3214 Makarenko                        41.432533  3.0146676  0.05310321 158.000731 100.759848  11.486344  11.1
3215 Lapko                           141.750908  3.1200665  0.10891479  44.146617  67.327743   7.220816  12.1
3216 Harrington                      294.069119  2.3946375  0.30529644 224.006229 108.226898   4.923375  14.0
3217 Seidelmann                      299.763495  2.3862509  0.26237748 356.575311 343.671743   6.145661  14.4
3218 Delphine                        111.907740  2.5204001  0.21748069 241.466951 183.411037   2.703438  14.0
3219 Komaki                          343.800286  3.0366635  0.12980128 289.256949 290.220020   6.795280  11.6
3220 Murayama                         19.613409  2.2253853  0.17332479  25.581214  26.845724   6.621511  12.9
3221 Changshi                        129.433033  2.2037653  0.15365927 232.783322  78.764442   3.654758  13.3
3222 Liller                          302.596512  3.0898664  0.06003219 119.207088 151.465498  15.942837  11.4
3223 Forsius                           4.740335  2.6064494  0.14423721 292.904300 168.398674  10.035318  11.0
3224 Irkutsk                         297.894565  2.7829203  0.16769954   3.935815 228.342285   4.314222  11.3
3225 Hoag                             63.692535  1.8797234  0.05317058 137.865911 188.962151  25.060371  13.6
3226 Plinius                         234.624324  2.8716860  0.07667632 303.931902  99.086321   3.060252  14.1
3227 Hasegawa                        166.251274  2.4450261  0.13865805 331.238893 154.546613   3.911318  12.5
3228 Pire                            168.424917  2.4612735  0.13594831 188.840494 291.022987   1.925990  12.5
3229 Solnhofen                        87.741819  2.3135119  0.15280863  18.475898 306.795283   9.457313  12.8
3230 Vampilov                        218.190872  3.1442268  0.31898953 239.358436  75.990317  15.596601  12.2
3231 Mila                            241.168716  2.4453040  0.12671279  53.975416 324.698321   6.395958  13.1
3232 Brest                           232.485017  3.0248089  0.07676964 115.761882 192.664526   9.843434  11.7
3233 Krisbarons                       55.310129  2.2265821  0.10292512  65.209764 347.875965   3.607588  12.9
3234 Hergiani                        188.240248  3.1047967  0.18697614 315.551364  77.019306   0.965720  12.5
3235 Melchior                        339.499782  2.6874710  0.24206259 167.685285 348.457250  13.474469  13.4
3236 Strand                           63.013155  2.2020213  0.14417542 214.145488 217.533406   1.104097  13.7
3237 Victorplatt                     353.563978  3.0148370  0.05961073 334.100637 280.900252   9.093641  10.6
3238 Timresovia                       71.758117  2.6664577  0.18361704  44.941245  11.456244  11.712287  13.4
3239 Meizhou                          82.592717  2.1841178  0.22112185 239.037025  93.856711   3.020460  14.6
3240 Laocoon                         334.923139  5.2589506  0.12679113  13.985501 296.365200   2.328175  10.0
3241 Yeshuhua                        238.339191  3.0422078  0.16231567 311.424054 127.352286   1.642948  12.3
3242 Bakhchisaraj                     54.543551  2.6802064  0.16027179 243.531468 191.559163  12.359953  12.3
3243 Skytel                           60.255474  3.0418896  0.10457522 292.378210 349.495975   9.350049  12.4
3244 Petronius                        68.489884  2.2438392  0.16375832  57.853845 332.526821   3.681582  13.9
3245 Jensch                          128.832593  3.1258933  0.16076663  84.803869 348.960167   0.332192  13.3
3246 Bidstrup                        350.154345  3.1956045  0.03504320 340.313080 197.814923  21.740697  11.3
3247 Di Martino                       95.714128  2.3777716  0.12678999 144.840176  45.821160   3.931303  12.9
3248 Farinella                       185.979176  3.1976189  0.16154371 310.579644  12.683542  10.857542  10.7
3249 Musashino                        82.407166  2.3468166  0.24663848 309.437247  76.400696   3.367703  13.6
3250 Martebo                          35.697200  3.0147718  0.10358616 174.849071 204.469339   9.552906  11.4
3251 Eratosthenes                    298.736921  3.1085414  0.16400358 239.231785 142.318427   0.716567  12.9
3252 Johnny                           37.667492  2.6644276  0.11372622 157.023666 327.059245  12.720449  12.0
3253 Gradie                          232.803430  2.2486167  0.19712943 233.941547  60.284472   7.425494  13.4
3254 Bus                              24.713683  3.9558042  0.16779571 305.700105  43.590834   4.446622  11.0
3255 Tholen                          276.715828  2.3713769  0.36451929  79.248881 337.366468  21.356096  13.6
3256 Daguerre                        164.607588  2.7769116  0.09894365 267.062230 174.720230   7.828514  12.4
3257 Hanzlik                         209.092881  2.2510445  0.16925001 275.114940  30.503605   5.562671  13.5
3258 Somnium                         195.789883  2.2064564  0.19604443 296.635490  45.198529   7.555839  13.4
3259 Brownlee                        352.224056  3.1595381  0.13233849 315.858414 242.844020  15.527900  10.0
3260 Vizbor                          257.039378  2.2343239  0.09236541 259.740403 249.509191   5.217833  12.6
3261 Tvardovskij                     324.408451  2.9034475  0.07602540 185.091695 143.232795   2.748675  11.7
3262 Miune                           230.471687  3.0164235  0.05913297  55.487173  73.245510   9.441781  10.9
3263 Bligh                           302.288299  2.4146707  0.06712758   9.183649  78.583604   7.745359  13.0
3264 Bounty                          187.032975  3.1612033  0.13829282 359.219388 139.675884   0.940221  12.2
3265 Fletcher                          7.539040  2.4107905  0.14202129 297.149613  73.049044   6.939032  13.1
3266 Bernardus                       169.422901  1.9084627  0.11002287 255.830339 110.754080  26.374918  13.5
3267 Glo                               1.984785  2.3298322  0.29578270 307.135251 110.717465  23.979628  13.1
3268 De Sanctis                      157.058110  2.3464273  0.12652814  73.921726 221.866240   6.355144  13.4
3269 Vibert-Douglas                   33.959735  2.7849595  0.15688792  43.121527 353.619711  17.200634  12.7
3270 Dudley                           90.954609  2.1486037  0.33060979 326.641366 147.087718  27.644274  14.5
3271 Ul                               79.689056  2.1018991  0.39525243 158.692945 159.034109  25.009022  16.7
3272 Tillandz                         29.358980  2.2440366  0.09179622  13.612769  94.204890   3.924906  13.3
3273 Drukar                          348.348501  3.3988715  0.03770118 208.455022  46.612286  14.100115  11.4
3274 Maillen                          58.116874  3.1590452  0.11097540 236.791784  28.188780   1.249826  12.1
3275 Oberndorfer                     186.788813  2.3314027  0.18233865 192.262818  45.520499   8.594574  13.1
3276 Porta Coeli                     282.468949  3.1175355  0.17502349 340.910557  71.398790   2.680328  12.1
3277 Aaronson                        291.565690  3.1354550  0.27463305 296.362685  85.141661   8.576182  11.3
3278 Behounek                        185.609966  3.2168934  0.02849409  48.761405  79.126233   9.676625  11.1
3279 Solon                           200.421649  2.2029369  0.17373484 166.583871 192.098313   3.159234  13.3
3280 Gretry                          253.461013  2.5828238  0.17415453 359.570073 317.662019   2.221425  12.5
3281 Maupertuis                      211.172367  2.3488024  0.09953320 240.025799 348.777712   5.996043  12.7
3282 Spencer Jones                    55.335314  2.1892385  0.04263059  18.495607 162.493839   3.165091  13.3
3283 Skorina                          34.922452  2.3964350  0.10054412 351.716868 356.882926   6.891405  12.7
3284 Niebuhr                         262.644802  2.7700270  0.38304490 259.620738  73.668222   6.665813  12.9
3285 Ruth Wolfe                      230.909029  2.5268098  0.21524197 168.913000 246.313387  20.546297  12.3
3286 Anatoliya                        69.642007  2.6351410  0.10487628  77.394856 107.703814  13.403090  12.8
3287 Olmstead                        175.333509  2.3671928  0.29818996  95.378590 213.589807  12.085423  15.0
3288 Seleucus                        216.321037  2.0317563  0.45794863 349.223499 218.793258   5.934310  15.3
3289 Mitani                          322.946975  2.3273771  0.20831769 351.744881  46.490710   1.761836  14.2
3290 Azabu                           224.650937  3.9652952  0.12553925 112.754463  75.284122   2.770931  11.8
3291 Dunlap                            7.854417  3.1528216  0.10163352 169.488265 151.454540   1.997661  12.9
3292 Sather                          219.748286  3.1554156  0.17748798  21.454046  37.011449   1.581534  12.8
3293 Rontaylor                       195.628632  2.3970439  0.14149660 208.121324   9.852449   2.142938  13.4
3294 Carlvesely                       30.181110  2.6979706  0.07025906 155.553854   7.363732   6.971309  12.6
3295 Murakami                         69.990601  2.6970123  0.25217687 217.465949 168.487742   8.809424  12.9
3296 Bosque Alegre                    80.689130  2.6552479  0.19351928 268.806535 113.234454  13.935726  12.2
3297 1978 WN14                       196.868304  3.1369382  0.17080102 291.855321 112.424390   2.373256  12.3
3298 Massandra                        70.200981  2.3530571  0.19199339  50.845740 285.384940   2.569231  13.5
3299 Hall                            301.897801  2.2798824  0.07794575 242.913487 251.909568   5.468665  14.2
3300 McGlasson                       137.864994  3.1559580  0.20979563 264.810462  27.418854  18.778068  10.4
3301 Jansje                          306.692772  2.2338821  0.15199534 117.210074 137.152074   5.062748  13.0
3302 Schliemann                      185.881018  2.4540127  0.09550874 169.041878 154.673024   3.383479  12.8
3303 1967 UN                         175.303682  2.8979605  0.07010198 278.026258  52.482003   2.767199  11.8
3304 Pearce                          228.226938  3.0493667  0.28159142  59.438739 320.654213   2.204378  13.2
3305 Ceadams                          18.282238  2.6036881  0.15025203 239.945120  32.375844  13.463645  12.2
3306 Byron                           293.936878  2.2478194  0.14396035  64.042935 213.568461   4.522771  12.7
3307 Athabasca                       158.190244  2.2592513  0.09571622 146.114673 263.423511   6.371912  13.9
3308 Ferreri                         103.199530  3.1475771  0.18475210 275.461013 172.480708  23.602051  11.5
3309 Brorfelde                       140.781909  1.8175280  0.05347365 218.414311  29.898793  21.139686  13.9
3310 Patsy                            57.763301  3.0102934  0.05212926 132.088053 101.949933  11.073146  10.8
3311 Podobed                          73.712392  2.7878516  0.04094652   9.804213 157.486950   0.925044  12.1
3312 Pedersen                        242.379069  3.0057144  0.11674038 131.222823 214.823565   9.662881  11.4
3313 Mendel                          356.397485  2.6541446  0.13043002 344.405139 272.671460  11.376133  12.3
3314 Beals                           220.477870  2.2177497  0.04541010  46.402491 359.632325   7.413256  13.1
3315 Chant                            89.150954  2.6399703  0.08667195  56.126295 147.140048  10.043578  12.5
3316 Herzberg                        193.030001  3.1134117  0.09877748 357.282275 200.491016   8.411111  11.7
3317 Paris                            10.262249  5.2060270  0.12689268 148.413364 135.996834  27.874493   8.3
3318 Blixen                          229.885575  3.0094214  0.04384863  54.396418 109.367566  11.567325  11.0
3319 Kibi                             65.983324  3.1674942  0.15204935 110.998606 271.510123   3.795812  12.1
3320 Namba                           229.221399  2.4580317  0.04900544 349.461680 218.475620   4.067404  13.3
3321 Dasha                           224.227411  2.5462906  0.20054849 202.341327 162.912336   7.330317  13.1
3322 Lidiya                            7.843798  2.3924745  0.21489405 224.293221 250.839932  23.474038  12.4
3323 Turgenev                        187.985205  2.5617230  0.18633408  22.521712  21.986858   0.718658  13.5
3324 Avsyuk                          171.540864  2.6991438  0.02647632 178.633187 317.220121  10.770165  11.7
3325 TARDIS                          307.965613  3.1813677  0.00921806  49.392922  46.447074  22.260791  11.4
3326 Agafonikov                      139.245814  2.3672401  0.17313627 279.218464   4.805663   3.385267  12.8
3327 Campins                         120.603545  3.1682277  0.10401579 243.160604  69.732017   1.561629  11.8
3328 Interposita                     180.623279  3.0197304  0.10426188 272.174687  60.941096  11.462073  11.7
3329 Golay                            94.516821  2.9973557  0.08639306  71.913576  12.200020  10.406830  11.4
3330 Gantrisch                       140.692319  3.1393749  0.21490447 305.047600  10.154699  10.293801  11.2
3331 Kvistaberg                      226.985252  2.4210862  0.08843213 303.274463 168.557271   3.555916  13.2
3332 Raksha                          229.228840  2.5437999  0.08538432 277.519141 139.043872  14.867050  11.7
3333 Schaber                         129.080853  3.1220521  0.22992720  66.960927 231.472335  11.960223  11.8
3334 Somov                           329.821070  2.8486437  0.02355087 189.489752  86.718445   3.261480  11.8
3335 Quanzhou                        269.088013  2.6124575  0.12659121 179.010423 278.525743  13.296561  11.6
3336 Grygar                          211.781591  2.3245280  0.18665853 122.825521 243.390932   0.853005  14.4
3337 1971 UG1                        204.260971  2.8420631  0.07934535 220.481851 179.347512   1.982569  12.5
3338 Richter                          12.332385  2.1466351  0.17010008 177.862326 126.039422   0.732852  14.6
3339 Treshnikov                      191.893253  3.1761568  0.13350754 151.084615  84.895233  17.805532  11.1
3340 Yinhai                          258.245282  2.2338131  0.19415439 283.077791  35.835495   5.605295  13.7
3341 Hartmann                        115.255767  3.0308267  0.22959742 234.218166 142.341603  10.449180  12.6
3342 Fivesparks                       14.414274  3.1379036  0.07406329 313.183468 144.442765   6.190836  12.1
3343 Nedzel                          149.250596  2.3478929  0.31140686 229.010152  43.758715  25.088600  13.3
3344 Modena                           60.711808  2.4166468  0.11960867 206.538975  78.114301   9.445208  12.9
3345 Tarkovskij                      322.371754  2.4738832  0.18763961 194.446938 305.010260  15.829962  11.6
3346 Gerla                            93.515701  3.1829233  0.04758237   6.292296   2.924150  21.545985  11.1
3347 Konstantin                       44.690952  3.1279226  0.09673032 216.355443 193.703316   4.758059  11.6
3348 Pokryshkin                      169.286903  3.1695817  0.16330191  64.565019 185.953447  10.398033  11.9
3349 Manas                            71.244415  2.7377521  0.03208988 145.867239  58.762747   4.243178  12.7
3350 Scobee                           37.094595  2.3106024  0.20479018 330.230987 353.972388   3.408876  14.3
3351 Smith                           114.219508  3.0494411  0.26379316 179.454812 186.324706  13.143236  13.1
3352 McAuliffe                       274.528431  1.8793847  0.36857893  15.779023 107.468858   4.771551  15.8
3353 Jarvis                          325.762668  1.8629042  0.08442525  34.515149 245.719036  21.804156  13.5
3354 McNair                          262.101970  2.3250775  0.09552969 325.961605 321.428553   6.418616  13.0
3355 Onizuka                         232.652008  2.1863285  0.06678775 299.506302 141.005181   4.063618  13.6
3356 Resnik                           63.832496  2.1935839  0.11352030 157.835496 108.451447   4.095086  13.2
3357 Tolstikov                       238.204348  3.0187611  0.06013010  65.042350 145.569347  11.257341  11.5
3358 Anikushin                       123.049254  3.1919941  0.19773644 275.310435 147.105948   2.094704  12.3
3359 Purcari                         258.156680  2.2566527  0.12232743  42.856846  25.072700   5.742288  14.1
3360 1981 VA                         129.017508  2.4649258  0.74323895  60.642015 245.491830  21.728173  16.3
3361 Orpheus                         113.061219  1.2092184  0.32275944 301.587070 189.746697   2.682710  19.0
3362 Khufu                           107.255579  0.9895265  0.46857874  54.848157 152.638988   9.913497  18.3
3363 Bowen                           133.128411  2.7749477  0.10149766 312.285253 183.529254   3.328565  12.0
3364 Zdenka                           85.169720  2.1996776  0.10411165 108.365865 146.168538   5.547431  13.8
3365 Recogne                         241.493897  2.7117013  0.17476516 106.972032 189.907013   7.783865  12.1
3366 Godel                           203.373383  3.0073304  0.08007257 144.383378 180.562140   9.938653  11.3
3367 Alex                            136.572574  2.7833569  0.06878380 236.980870 258.536210   5.312095  12.0
3368 Duncombe                         18.700748  3.3862799  0.09228126 357.559881   4.282799  19.144471  11.3
3369 Freuchen                        116.081693  3.0465939  0.13389466 143.618666 267.740015   7.977099  12.0
3370 Kohsai                          226.084115  2.2154687  0.10984291 300.465738 144.779516   7.110323  14.0
3371 Giacconi                        246.005006  2.7388480  0.01412777 343.231410 293.899338   9.682608  12.3
3372 Bratijchuk                      310.740494  2.6956903  0.14151984  18.728997  19.444846   3.291383  12.3
3373 Koktebelia                      255.891227  2.2456970  0.13113054 250.646576 177.455913   3.197931  13.6
3374 Namur                           219.237502  2.9467061  0.01872250 149.938360  75.557548   3.026589  13.0
3375 Amy                             187.789415  2.1727634  0.02528087 352.536682 169.302810   1.075847  13.6
3376 Armandhammer                    301.939873  2.3489005  0.06730619 326.751583 250.294611   6.334522  12.4
3377 Lodewijk                        167.282427  2.9129869  0.06235332 202.511599 216.551338   1.294948  12.6
3378 Susanvictoria                   161.104774  2.3157807  0.09239402  92.128736 336.129248   8.086882  13.3
3379 Oishi                           105.000855  2.3545577  0.13133987 304.389578 146.893882   2.850828  13.6
3380 Awaji                           129.963870  2.8417306  0.02739101  17.175176  93.096478   3.239627  11.9
3381 Mikkola                         255.259543  2.4529458  0.20493276 133.952929 258.351077   4.200759  13.2
3382 1948 RD                         301.114629  2.2417068  0.18356437 346.718465 357.972154   6.005878  13.2
3383 Koyama                           54.979078  2.5671780  0.04482801 140.887457 139.430458  14.620231  12.0
3384 Daliya                          135.772356  2.3854873  0.20907375 262.604392 139.667910   2.758812  13.9
3385 Bronnina                        353.578661  2.2204861  0.04042034  67.610599 197.880705   6.800246  12.8
3386 Klementinum                      86.725642  2.8382551  0.08497847 214.927568 168.587413   2.156531  12.7
3387 Greenberg                        38.334346  2.5998278  0.19000217 114.870755 216.957618  12.840107  12.8
3388 Tsanghinchi                     185.833606  2.3625047  0.20139713  16.690605  99.210508  25.017004  12.8
3389 Sinzot                          107.664456  2.7729793  0.13862619 269.220867 150.260100   7.060186  12.3
3390 Demanet                          31.125237  2.2525772  0.11459967 259.137386 343.124690   3.394078  13.5
3391 Sinon                           338.586419  5.2795169  0.08391875 101.636161 341.123226  14.889581  10.3
3392 Setouchi                        299.118899  2.1394195  0.28028418 239.794359 266.962028  26.341874  14.2
3393 Stur                            283.809890  2.5856179  0.06627947 102.961179 156.836980   9.630307  12.8
3394 Banno                           167.634731  2.3198706  0.19558383 335.025267 192.556983   7.077097  13.4
3395 Jitka                           185.645641  2.7909013  0.05710030 104.842073   5.310326   4.044245  11.7
3396 Muazzez                         128.906896  3.3732161  0.19735794 315.358808  38.343992   8.393892  11.0
3397 1964 XA                          91.515789  2.3481827  0.29952536  95.454846  25.976023  21.993676  13.6
3398 Stattmayer                      159.678364  2.2863705  0.23806262  42.209761  64.499255  24.185970  13.1
3399 Kobzon                          177.013184  3.1047227  0.17085077 351.238663 359.456304   0.153344  12.5
3400 Aotearoa                        181.213458  1.9353114  0.09859619 253.511878 254.468803  20.225309  14.1
3401 Vanphilos                       169.925651  2.3669720  0.35918864 108.670800 322.562239  21.811557  12.6
3402 Wisdom                          165.802809  2.1318548  0.27876674 303.062378 358.216413   4.851728  15.2
3403 Tammy                           211.999980  2.4131994  0.19297872  94.682223 204.493538   4.577773  13.0
3404 Hinderer                        271.017907  2.6668724  0.12800790 197.424903 302.890416  10.049329  12.9
3405 Daiwensai                        73.805962  2.6098722  0.11615383  63.504264 242.178753  13.163282  12.2
3406 Omsk                             48.022791  2.7946293  0.13241375 308.714416 270.354989   8.330453  11.3
3407 1973 DT                         327.900690  2.6865816  0.15501072 344.206324 103.186584  13.084327  12.3
3408 Shalamov                        249.009871  2.3716356  0.22831523 203.090246 132.867220   2.859790  13.2
3409 Abramov                         101.891656  2.8564008  0.07950776 169.156298 211.821964   1.391909  12.0
3410 Vereshchagin                    185.214558  2.2605945  0.09713136 155.303526 339.892244   4.738254  13.2
3411 Debetencourt                    247.678256  2.2440998  0.11703293  49.887722  69.431953   5.387849  13.6
3412 Kafka                           276.551304  2.2252857  0.10422012 116.817136 307.903228   2.974591  13.3
3413 Andriana                        139.485270  2.2518001  0.12819222 287.485134 307.187704   5.795876  13.4
3414 Champollion                     330.206391  2.1900101  0.10041360  60.749829  25.168164   5.300370  13.8
3415 Danby                           290.982030  3.9676418  0.24699765 137.546426 254.639851   1.354895  10.8
3416 Dorrit                           98.898874  1.9174378  0.20721231 293.494944  20.086637  22.070315  13.7
3417 Tamblyn                          91.450056  2.4257395  0.22362933 111.553444  88.963776   7.935744  13.7
3418 Izvekov                         141.189742  3.1653536  0.17802759 279.911709  84.590466   1.898067  11.8
3419 Guth                            311.934999  3.2061098  0.06728784 211.587774  59.129500  17.610013  10.7
3420 Standish                        210.708501  3.1102408  0.07097155  20.987490 146.321435  14.283908  11.9
3421 Yangchenning                    266.600396  2.2345643  0.09247605 204.193486 243.901114   2.461952  13.5
3422 Reid                            181.895040  2.6910191  0.15101447 198.453892 112.076547  13.950844  12.4
3423 Slouka                           84.568729  3.0472576  0.11069428 174.992256 337.634861   0.427827  12.2
3424 Nusl                            117.556435  2.5480016  0.07168460 245.235516 150.199579   6.753497  12.7
3425 Hurukawa                        175.165444  2.9978130  0.09011510 137.947309 291.889707   9.224948  10.9
3426 Seki                            126.438572  2.6185402  0.09584944 261.314123   5.684324  13.154634  12.5
3427 Szentmartoni                    278.772305  2.2802886  0.13503977  76.130955 310.330589   2.605057  13.6
3428 Roberts                         272.223324  2.6637096  0.16411773 301.970760 231.339309   8.840274  12.0
3429 Chuvaev                         245.271975  2.3387362  0.19013629 162.515258 180.812540   1.324939  13.8
3430 Bradfield                       354.283384  2.7595566  0.09720498 278.061230  43.537517   4.437645  12.4
3431 Nakano                          187.697287  3.0972782  0.03773126  39.190509 312.715955  12.260174  10.3
3432 Kobuchizawa                       7.301328  3.1844242  0.24462393 242.095365  12.017583  13.340671  11.5
3433 Fehrenbach                      118.844776  2.3944206  0.18609892  73.739282 337.025286   4.524784  12.9
3434 Hurless                         351.935931  2.6385915  0.23282330 261.824490  88.405442   3.446514  13.0
3435 Boury                           210.406960  2.3241218  0.04625799 295.735204 171.014671   7.712134  12.9
3436 Ibadinov                        218.297222  2.8644743  0.05440995 133.544575 188.775782   1.734070  12.1
3437 Kapitsa                         138.848917  2.2708701  0.07598859  79.091706  34.827250   3.941631  13.4
3438 Inarradas                       169.979823  3.0574688  0.19339055 347.751354   2.980045  15.221026  11.7
3439 Lebofsky                        128.961349  2.7418366  0.13846747 283.736035   8.060783   4.746561  12.5
3440 Stampfer                        302.534982  2.8028177  0.05490385 144.558620 171.514371   7.537573  12.1
3441 Pochaina                         96.827099  3.1088356  0.17955036 266.334654 113.407569   2.766473  12.2
3442 Yashin                          176.973437  3.1533668  0.13369052 300.951824 100.356919  12.224916  11.4
3443 Leetsungdao                      67.638039  2.3905712  0.30918296 111.430443 185.065770  12.669876  13.3
3444 Stepanian                        88.346492  2.5554962  0.26561377  82.565779 343.180658   6.450227  12.4
3445 1983 FC                         173.404292  2.6921731  0.12434000 199.212189 334.522645  11.308527  12.2
3446 Combes                          173.102759  2.3763482  0.15875941  93.921411  35.069390   7.675454  13.3
3447 Burckhalter                     150.966086  1.9910309  0.02844642 163.344629   0.819821  20.715349  12.6
3448 Narbut                           98.808375  2.1922885  0.11784470 349.177944  45.388305   3.390445  13.1
3449 Abell                           238.794967  3.0730276  0.16344367 334.913822  81.558231   2.047861  12.4
3450 Dommanget                        32.636297  2.7443664  0.06273024 335.866060  71.843624   6.462815  12.5
3451 Mentor                          341.100926  5.0861130  0.07047524 130.017873 179.822041  24.709806   8.1
3452 Hawke                            63.892113  2.2687802  0.08049745 289.480273  58.884200   2.319560  13.2
3453 Dostoevsky                      319.108299  2.3873810  0.08434735 318.247813 301.131255   4.512789  11.8
3454 Lieske                          296.667225  2.2685905  0.15692322 244.416794 193.853540   5.360403  13.6
3455 Kristensen                      103.767181  2.2428214  0.06478330 359.090790 168.973829   3.552738  12.7
3456 1985 RS2                         94.807746  2.1648256  0.01501767 167.308278  78.412727   1.780311  13.7
3457 1985 RA3                        265.694317  2.8544573  0.05218878 208.172677 101.473361   3.247848  11.8
3458 Boduognat                         4.043797  2.4499233  0.15428373 336.692835 156.220275   2.128631  12.8
3459 Bodil                           139.408227  2.2448717  0.16972595 200.376505  98.749579   5.221379  12.9
3460 Ashkova                         116.386916  3.1916883  0.21236011 292.751634  83.496233   2.370481  12.3
3461 Mandelshtam                     215.258595  2.3773850  0.13549007 343.919376  58.044657   3.245153  13.2
3462 Zhouguangzhao                   149.439811  2.4540548  0.21375889 254.844447 113.281382   5.787519  13.3
3463 Kaokuen                         101.838877  2.4465386  0.13423776  49.391418  50.930861   3.030402  13.2
3464 Owensby                         124.938286  2.2408724  0.04354119 251.434288 324.892258   6.775224  13.4
3465 Trevires                         81.555336  2.3153484  0.05182205 139.383436 112.673185   6.072151  13.3
3466 Ritina                          124.562456  2.3385844  0.15945241 128.282630 104.956657   1.763605  13.3
3467 Bernheim                         97.503445  2.4098244  0.14841258 349.471524 105.512040   4.108480  13.0
3468 Urgenta                         262.693864  3.0168492  0.08696824 307.443287  81.385493  10.997300  11.7
3469 Bulgakov                        119.308796  3.0163321  0.08478300  66.251714 219.654853   9.229344  11.0
3470 Yaronika                        148.358089  2.3484743  0.14297592 312.298592 237.513204   2.552123  13.1
3471 Amelin                           87.184384  3.1889146  0.05907842 167.366859 335.315670  15.365420  11.3
3472 Upgren                           89.552806  2.7262732  0.17429204 140.494999 243.478960   4.482527  13.6
3473 Sapporo                         153.657044  2.3655541  0.15523928  57.769167 129.613351   0.961996  13.6
3474 Linsley                         262.610063  2.5558885  0.20806341 105.946460 169.793907   5.971227  13.0
3475 1972 TD                          99.756672  3.1722016  0.12875976 234.462440 242.159291  15.022637  10.8
3476 1978 UF2                        153.199248  3.1621862  0.19352281  27.346564  43.967992  21.621260  11.9
3477 Kazbegi                          98.524681  2.3449897  0.11365568  96.621408 187.093344   6.706351  13.2
3478 Fanale                          253.545376  2.2356738  0.16317152 269.938125 126.574002   3.838978  12.8
3479 Malaparte                       208.401999  3.0469300  0.10471977  89.593862 196.934072  12.486320  11.4
3480 Abante                           83.869454  3.0424429  0.28338643  20.797858 188.615848   3.761200  13.1
3481 1982 DS6                         20.133197  2.2404766  0.14272550 241.834330 187.246609   5.481872  13.2
3482 Lesnaya                         346.535209  2.7821729  0.17261013 246.385542 129.127695   4.697244  12.2
3483 Svetlov                          76.553338  1.9327314  0.12464402 277.254502  86.066897  23.609165  13.4
3484 Neugebauer                      291.062733  2.5912148  0.18227674 174.955794 116.390858  15.314549  12.7
3485 Barucci                         344.273946  2.4393069  0.16560649 339.493888 315.812158   1.809553  12.6
3486 Fulchignoni                     350.868884  2.4313014  0.18063702  18.492078  47.229249   3.208537  13.5
3487 1978 UF                         305.276951  2.6077245  0.17039549 115.467678 194.972944  12.451781  12.8
3488 Brahic                           53.455972  2.6065504  0.18192537 242.766308 142.237820  14.139748  13.0
3489 Lottie                           95.372165  2.4085148  0.09607263  46.550720  18.336438   6.327566  13.2
3490 Solc                            186.252935  2.3995956  0.11834844  99.678644 344.124725   5.889212  13.4
3491 Fridolin                        304.459725  2.7959627  0.09619585 246.247189 161.637902   4.008741  12.4
3492 Petra-Pepi                      356.322109  2.6146306  0.14637208  95.343176 139.270745  13.594281  11.8
3493 Stepanov                        298.168432  2.2031685  0.08824485  76.304788 122.286119   5.974409  13.4
3494 Purple Mountain                  67.903287  2.3493239  0.13118381  71.704275 234.715077   5.837874  12.7
3495 Colchagua                        52.179006  3.2028577  0.13061623  94.140746 123.694628   2.461638  11.4
3496 Arieso                          211.664347  2.7127254  0.46054963 283.250906 129.901068  29.632983  15.0
3497 Innanen                         347.075199  2.6865148  0.15390145  61.761297 162.350714  11.312636  12.0
3498 Belton                           41.207683  2.3550077  0.10099567 190.465038 223.703786   6.237444  13.5
3499 Hoppe                            57.002373  3.0997198  0.17898438 189.850394 148.720198   2.227844  12.3
3500 Kobayashi                       204.159497  2.2399207  0.19619095  10.112560 314.974829   4.258282  12.7