5001 EMP                             205.009417  2.6649194  0.17023809 149.635435 170.269477  13.665530  12.8
5002 Marnix                           61.041060  2.3275801  0.20706732 172.069785 108.055264   1.591640  13.4
5003 1988 ER2                         34.267261  2.2511994  0.09196808 280.266302 256.100601   1.847348  14.2
5004 Bruch                           230.996249  2.2414354  0.06927786  85.825295  21.763862   3.347964  14.4
5005 Kegler                          281.731083  2.2528578  0.17184788 108.098752 320.971161   1.309009  14.1
5006 Teller                          284.937703  3.1838404  0.06295801  27.160643 103.035827   7.620827  11.2
5007 1990 UH2                        319.967266  2.6782235  0.18724785 161.877321 169.375519  13.353296  13.4
5008 Miyazawakenji                    66.835619  2.2144416  0.06105810  41.276082 142.592451   5.267373  12.9
5009 Sethos                          104.712089  2.3090044  0.15563499 139.870067  44.211253   1.484359  13.6
5010 Amenemhet                       293.522240  2.7163286  0.20262109  43.642116 173.572298  14.629807  12.2
5011 Ptah                            330.556834  1.6351671  0.49959001 105.524098  10.979631   7.406789  17.1
5012 Eurymedon                        48.435859  5.2573520  0.08635685 333.280122  34.810188   4.999547  11.1
5013 1964 VT1                        121.454411  2.7625723  0.06744516  14.683916  45.643691   3.705169  12.4
5014 1974 ST                         119.738388  3.1656599  0.22948488 191.494215 105.108195   2.360820  12.3
5015 1975 VP                           9.033645  2.1746841  0.12433600 262.121810 145.283767   3.352386  13.9
5016 1976 GX3                         82.500153  2.2957316  0.13244618  97.148542 187.413005   3.641860  13.0
5017 Tenchi                           55.213277  3.1477428  0.07867989 242.633812 141.525211  16.182309  12.4
5018 Tenmu                            31.171340  2.1581599  0.05900689 351.963932  30.829926   3.411655  14.3
5019 1979 MS6                        147.789435  2.4253193  0.07541841 270.980014 244.127749   5.557669  13.1
5020 Asimov                           29.624874  2.1543958  0.21271771 131.021646 197.506617   1.096544  14.6
5021 Krylania                        275.804956  3.1915444  0.15180341 322.076587 103.512334   2.352313  12.1
5022 1984 HE1                        111.863542  3.1429152  0.09322269  72.117374 223.203444  11.064067  11.7
5023 Agapenor                          1.712302  5.2340908  0.05269253  87.169073 308.573993  11.742101  10.0
5024 1985 VP                         341.905313  3.2255509  0.04314271 115.555942 352.930940  14.666658  11.5
5025 1986 TS6                        343.676253  5.2183837  0.07711878  72.633043 347.896880  11.016544   9.8
5026 1987 QL1                        354.084055  2.3768487  0.24360854  16.780412 305.050773   4.301269  12.9
5027 Androgeos                       358.200222  5.2852231  0.06670858 343.365514  78.196403  31.474739   9.4
5028 Halaesus                          3.148053  5.2385038  0.13165981  10.316005  44.031955  21.516632   9.9
5029 Ireland                         134.134709  2.9371222  0.08890447 331.786058  29.011529  19.345570  11.8
5030 1988 VK4                        121.458844  2.2631575  0.09183734 208.448685  26.039494   8.889412  13.2
5031 Svejcar                          25.024993  2.4362105  0.12299382 164.473370  64.685386   2.342172  13.9
5032 1990 OO                         113.899679  3.0089502  0.10003186 208.746272 183.937250  10.545271  11.7
5033 Mistral                         248.223757  2.9220476  0.05110686 137.513253 143.366276   2.505124  12.1
5034 1991 PW10                        34.107757  2.3042920  0.18193784 328.573630 309.785623   4.306926  12.9
5035 Swift                           160.006645  2.6090656  0.15544239  52.636760  52.083260  13.520725  12.0
5036 Tuttle                          339.362839  3.1451039  0.18323294  58.953837 105.173947   2.930544  11.4
5037 Habing                          295.695895  2.2739056  0.11053705 279.906744 166.162703   7.026409  13.5
5038 1948 KF                          72.752005  2.3105675  0.28201629 218.928665  65.910639  10.955617  14.1
5039 Rosenkavalier                   291.329237  3.0154386  0.05530685 168.067952  84.369706  11.410907  12.5
5040 Rabinowitz                      331.494642  2.4161265  0.22890374 149.338648 175.799610  24.347342  13.2
5041 Theotes                         289.812522  5.1366242  0.03537757 102.770535  29.871175  10.612093  10.5
5042 1974 ME                         228.330890  3.0061768  0.05304373 171.793508  86.780757  11.070182  11.3
5043 1974 SB5                        138.020686  3.1090039  0.16524673 289.451679  51.330956   1.872469  12.4
5044 Shestaka                         25.181146  2.2407198  0.10524450  42.819792 344.779836   5.848791  13.3
5045 1978 UL2                        196.612083  3.1382525  0.18829517 264.073312 130.787691   2.563964  12.7
5046 1981 DQ                         189.575960  2.5770614  0.06678423 189.169516 221.979293  13.392734  12.8
5047 1981 EO42                       243.409812  2.5306746  0.13722542  27.518142   6.683544   5.501911  13.8
5048 Moriarty                          3.886205  2.6242100  0.17686104 271.775978 302.267133   1.389072  13.2
5049 Sherlock                         56.228930  2.1987200  0.16084961 316.180945  50.269345   2.945284  13.6
5050 Doctorwatson                    317.291424  2.4012965  0.11964383 138.224007 264.467621   0.866794  13.4
5051 1984 SM                          20.549791  2.2942585  0.14351086  48.299060 270.160557   5.874377  13.3
5052 Nancyruth                        31.691450  2.2572770  0.19682002  35.286479 327.802346   5.762108  13.4
5053 Chladni                         222.286173  2.4007478  0.16554220  11.649415 150.332255  11.487915  13.1
5054 Keil                            119.145953  2.4545653  0.14624536  86.046012 355.345014   7.478580  13.7
5055 1986 PB5                         90.890333  3.0858567  0.17354119 175.243358 132.932229   2.903608  12.0
5056 1986 RQ5                        199.699873  2.6364746  0.19960204  20.751450  65.033878   7.259936  13.2
5057 1987 DC6                         76.968490  3.1316070  0.14122148 285.520202 157.337447   6.989910  11.8
5058 Tarrega                          58.603814  2.2536283  0.23177034 244.520423 109.168333   7.178011  13.7
5059 Saroma                          205.146782  2.5921782  0.13413143 157.862303 295.672339  12.636439  12.2
5060 Yoneta                          207.347386  2.6129127  0.18865262  87.488486 356.014224   1.982096  13.2
5061 1988 DJ                          26.586153  3.0665442  0.06292813 216.346381 241.089335   8.722741  12.4
5062 1989 CZ                         352.810250  2.2600167  0.16727280  14.332698  19.486207   3.306221  13.6
5063 Monteverdi                      287.628086  2.3905873  0.22690455  55.598500 326.952532   1.544454  14.2
5064 Tanchozuru                       75.366493  2.2530308  0.18501587 117.990224 157.249955   6.552780  12.8
5065 1990 FP1                         51.564557  2.5139395  0.04880516 173.922182 359.746627   6.563753  12.9
5066 1990 MA                         347.055656  1.9362802  0.15428593 184.477288  82.396627  41.446129  14.1
5067 Occidental                      322.980332  2.8038406  0.07753951  24.668173 204.369562   7.373138  12.2
5068 Cragg                            92.156697  3.0353165  0.05836335 222.697783 208.905570  11.614059  12.0
5069 Tokeidai                         65.685102  2.2518918  0.13189852  81.268251 179.101485   4.997193  13.2
5070 Arai                             12.572259  3.1048324  0.07424375 192.371651 340.363823   6.032852  11.1
5071 Schoenmaker                      32.114532  3.1915391  0.17444138 299.149547 168.634153  10.075970  12.2
5072 Hioki                           162.112718  2.9111349  0.08333519   2.582125  11.408708   2.022945  12.2
5073 1943 EN                         205.910653  2.2259237  0.10111499 184.214816  14.769363   6.620429  13.3
5074 1949 QQ1                        104.030338  2.9955814  0.09722308  87.991827 309.982621   8.566125  11.7
5075 Goryachev                       191.652213  2.4125296  0.17491815 183.950870 262.365538   1.324058  13.6
5076 1973 SG4                        189.211425  2.4159417  0.23318080 219.686127 189.613715   9.484693  13.0
5077 1974 MG                          62.525527  2.2300794  0.18413419 337.405312 324.328693   5.495544  14.2
5078 1974 SW                         170.829048  2.6701786  0.21162093 123.081381 225.183007   2.837621  13.6
5079 1975 DB                         166.364770  2.6422485  0.20700779 245.394881 269.580002  10.748787  12.6
5080 Oja                             302.383899  2.2427448  0.12394914  88.581159 345.036575   5.454874  12.9
5081 1976 WC1                        185.661294  2.3178582  0.11502662 162.675520  83.408673  13.194840  12.1
5082 Nihonsyoki                      295.966156  3.1328274  0.12381350  58.099746 103.385721   2.951155  12.8
5083 Irinara                          54.774100  2.5515146  0.08049624 237.627408 321.765207  14.759985  11.9
5084 1977 FN1                        322.842860  3.1508253  0.09958016 119.287226  42.145709   7.426925  11.7
5085 1977 NN                          63.126676  2.2558149  0.17975296 354.084152 317.345904   4.857904  13.8
5086 1978 RH1                        138.168887  2.1762941  0.11435097  81.894035 183.354265   3.389143  14.0
5087 1978 RM2                        153.043496  2.7450829  0.00620694 145.561348 191.181520   4.892036  13.1
5088 Tancredi                         45.211991  3.1117424  0.15060686  86.014598   6.039847   0.590472  12.5
5089 1979 SN                         262.303035  2.7958768  0.07735146 128.016843 345.396700  13.024000  12.8
5090 Wyeth                           282.691571  2.5282875  0.29472127 229.663599 144.968960   9.631546  12.2
5091 1981 SD4                        344.680571  2.7830328  0.01240231 318.014296 270.428034   3.199366  12.1
5092 Manara                          290.658955  3.1990025  0.06121181 204.537610 359.306372  16.109230  11.0
5093 Svirelia                        209.935272  2.6613201  0.16948181 191.349991 216.257590  12.743493  13.0
5094 Seryozha                        151.214476  2.8404954  0.08360327 348.917278 358.227814   1.663613  13.1
5095 Escalante                       322.628760  2.4296930  0.21895641 187.553355 146.991247  14.623382  13.2
5096 1983 RC5                        343.975240  2.3513465  0.14847500 108.891362 323.667056   7.240755  12.8
5097 Axford                          240.658845  2.5997411  0.22411655 180.889802 124.164677   3.880389  13.2
5098 1985 CH2                        105.864053  2.5707230  0.07336924 328.033716 153.537231   9.641466  13.7
5099 1985 DY1                        304.469027  2.4846732  0.05297424 289.898212  81.027714   1.183826  13.2
5100 Pasachoff                       199.139105  2.4725409  0.13328142  36.232396 101.832467   7.731431  13.3
5101 1985 UB5                        174.512193  3.0083542  0.11110821 176.223459 206.222909  10.688074  12.0
5102 1986 RD1                        168.436062  2.8018770  0.19429945  52.245974 317.798829   8.119065  12.7
5103 1986 RP1                        256.201328  2.7494854  0.01384845 111.640777 186.147741   4.879725  12.6
5104 1986 RU5                         76.805260  2.6146709  0.11444484   8.000984 198.435153  14.352535  11.6
5105 Westerhout                      268.507301  2.5956918  0.15776755 189.425083 226.914949  11.632457  12.6
5106 1987 DJ                         197.527323  3.0238211  0.11785510 281.525445  83.182731  10.871668  11.9
5107 1987 DS6                         74.215058  3.1359047  0.07720464 276.553316 178.946926   9.032293  12.0
5108 Lubeck                          331.567718  2.3055432  0.10978372  77.377402 327.725482   6.428816  13.5
5109 1987 RM1                        197.695859  2.2395693  0.06663819  83.259037 146.860715   3.573876  13.6
5110 Belgirate                       307.117029  2.3878098  0.10994855  76.621258 313.670438   3.819010  12.7
5111 Jacliff                           6.819489  2.3547617  0.12675347  99.108793 247.544001   5.807876  13.1
5112 Kusaji                          101.210633  2.1750067  0.12955746 341.560001  62.828408   5.765639  13.6
5113 Kohno                           121.169603  2.6648421  0.22530779 217.513882 320.016487  31.650814  12.6
5114 Yezo                            144.084813  2.4707029  0.01319902 217.548336  24.565839   4.166394  12.6
5115 Frimout                         144.149504  3.0237270  0.12719597  94.721530 258.883896   8.671523  12.3
5116 1988 EU                          29.800983  3.1909779  0.11941415  33.728160  30.853978   5.256833  11.4
5117 Mokotoyama                      352.977554  3.0579949  0.07521531 150.811782  23.295161   9.780799  11.9
5118 1988 RB                         145.078774  2.6039038  0.21646475  60.969784 253.003203  12.109937  12.0
5119 1988 RA1                        316.633305  5.1991275  0.10915931  15.267868 317.035642  15.938132   9.6
5120 Bitias                          334.786126  5.2901326  0.11090703  22.275855 295.900491  24.966918   9.5
5121 Numazawa                         26.130294  2.2304703  0.17057577  20.422191 358.489910   6.461041  13.2
5122 1989 AZ1                        169.585613  2.5899362  0.19923544 259.875056 113.012939  12.737874  12.2
5123 1989 BL                         302.059802  5.2416817  0.10411325  29.886920  78.248071   8.524628   9.9
5124 Muraoka                         181.349384  2.2636188  0.08036539 280.952115 323.423619   0.879332  13.8
5125 1989 CN1                        180.903358  2.4640480  0.16045227  84.877861  23.592086   3.868882  13.4
5126 Achaemenides                    310.271793  5.2225363  0.02661400 349.346874 116.475110  29.886797  10.1
5127 Bruhns                          278.072044  2.3766149  0.15392767 202.232612 205.356320   6.153485  14.6
5128 Wakabayashi                      21.122345  2.7668950  0.14418442 122.710640  39.803831   6.963423  12.2
5129 Groom                           225.769620  2.3799841  0.08441654 351.750337 167.658035  10.346375  12.4
5130 Ilioneus                        284.762236  5.2690868  0.01164413 102.408800 242.545080  15.698277   9.8
5131 1990 BG                         175.385005  1.4860517  0.56974161 135.698945 110.518697  36.379658  14.1
5132 Maynard                         270.694440  2.6746997  0.11316456 142.563177 162.091571  11.342523  12.0
5133 1990 PA                         278.196401  2.7111600  0.22603046 279.885605  87.840435  12.009927  11.5
5134 1990 SM2                        322.655543  2.7887833  0.03434619 198.082299  90.591698   8.101129  12.0
5135 1990 UE                         215.208768  2.2389337  0.12811341 229.372739  35.668235   3.310952  12.9
5136 1990 UG2                        164.776381  3.0221415  0.11099555 291.007476 109.463107  11.164785  11.6
5137 Frevert                          88.406693  2.5654090  0.07097400  25.878910 230.074494  14.181987  13.5
5138 Gyoda                           113.173691  3.0983187  0.17032517 263.622793 193.831734   0.798084  11.7
5139 Rumoi                           333.138423  2.8534694  0.03052506 226.771275  57.265644   2.858500  11.2
5140 1990 XH                         157.465105  3.1830392  0.10888768 212.932040 164.115940  11.400371  11.4
5141 Tachibana                       344.247774  2.8723673  0.06250218 185.415690 137.608307   2.845287  12.7
5142 Okutama                         337.149004  2.5413074  0.27294893 192.304085 205.568978   6.259274  11.8
5143 Heracles                        194.369915  1.8342626  0.77217233 226.545159 310.596690   9.158319  14.0
5144 Achates                         340.915519  5.2298185  0.27289208 329.794075 323.103046   8.866958   8.9
5145 Pholus                           26.912761 20.2169059  0.57146547 354.487899 119.399563  24.700176   7.0
5146 1992 BP                          63.584948  2.7460496  0.15277827 273.300534 338.888505  13.891475  11.9
5147 1992 BQ                          96.905764  2.6205850  0.20320986 275.191067 346.581388   8.336672  12.4
5148 Giordano                        103.261024  3.1312498  0.13322564 219.491969 348.803232   1.172171  13.5
5149 Leibniz                         170.513195  3.1515319  0.15508332 103.297387  11.624151   0.754291  12.6
5150 Fellini                         105.127353  2.4759819  0.10937022 119.489565  35.139909   6.668370  12.9
5151 Weerstra                         76.261053  3.2009071  0.19414013   6.985478  47.666337   0.962673  12.6
5152 1931 UD                         255.757963  2.6233124  0.17996287  38.660859 339.079426  12.911371  12.9
5153 1940 GO                         224.944045  2.6596226  0.17337332  39.446634  91.203844  12.786308  11.2
5154 1969 TL1                        194.398587  3.0779499  0.11099311 222.561282  72.783978   2.883415  12.2
5155 1972 HR                         225.649523  3.1158996  0.14186447 230.350669  61.567453   6.158496  11.9
5156 1972 KL                         347.398233  2.3979483  0.18838429 148.118863 132.933611   5.571929  13.5
5157 Hindemith                       127.300215  3.2102910  0.15204633  54.582818 305.863572   0.209580  11.6
5158 1976 YY                         300.793241  2.4236782  0.17777086 340.216628  34.347154   3.145808  14.1
5159 Burbine                         249.518079  2.7888220  0.11209346  83.170052 167.419747   9.237947  13.0
5160 Camoes                          158.121866  2.4012481  0.07142846 154.613646 129.290604   8.278033  12.8
5161 Wightman                        260.760496  2.8453124  0.08228508 155.453985 202.554905   1.508876  12.4
5162 Piemonte                         87.778666  3.0207471  0.06340111   3.487603  68.329199  11.240453  11.5
5163 1983 TD2                        249.443805  2.4667199  0.20162104 238.612019 183.695887   7.528581  13.0
5164 Mullo                           326.115603  3.6438761  0.50418645  65.675009  55.430089  19.838812  13.1
5165 1985 CG                         260.053511  2.3913159  0.17083244 350.943957  97.780953   3.379344  13.7
5166 Olson                           240.536628  2.3393343  0.10776883  64.857663 134.278631   4.215390  13.0
5167 Joeharms                        312.682582  2.6667179  0.20514875 272.343580  12.704338  15.012023  12.3
5168 Jenner                          153.477876  2.3425278  0.20424143 201.287579 339.192495  23.486878  13.0
5169 Duffell                         135.587258  2.2605509  0.14811909  62.020692 342.327517   2.618891  13.9
5170 Sissons                         106.306232  3.0233333  0.06059565 295.024158 169.986893  10.345490  12.0
5171 1987 SQ3                        295.403815  2.4239566  0.13231620  45.170793 322.331070   7.107488  13.2
5172 1987 UX1                         26.819123  2.3129366  0.16932734 123.224301 254.880886   4.798803  13.5
5173 1988 EM1                        163.621439  2.6559116  0.19671187 328.800258 176.340923  11.771416  12.9
5174 Okugi                           212.988557  2.5625569  0.13412700 351.234924 167.474731   8.031380  13.2
5175 Ables                            29.983033  1.9671041  0.03893870 312.878905 234.647826  16.838344  13.7
5176 1989 AU                         125.872923  2.6889169  0.30788781 268.268427  94.352403   7.712551  12.2
5177 Hugowolf                        155.192428  2.3379844  0.13235935 284.409086 301.379790   2.679600  13.9
5178 1989 CD4                        350.570485  2.2288725  0.13689176 102.587194 323.089647   3.987840  14.1
5179 Takeshima                       214.187635  2.3109627  0.04690014 204.198084 331.362492   6.283281  13.6
5180 Ohno                            236.466181  2.3922775  0.06127677  57.507723  80.016674   6.051400  13.0
5181 SURF                            191.710645  2.4108464  0.13354481 112.222526  65.726126   3.152426  12.9
5182 Bray                             61.255944  2.5884593  0.15909248 150.510205 139.978328  15.889337  12.5
5183 Robyn                            16.916117  2.5700456  0.10467772   4.890453 264.592108  14.794795  11.9
5184 Cavaille-Coll                   342.700843  2.1567325  0.03317602 194.326902 332.236724   4.002486  13.7
5185 1990 RV2                        214.077721  2.6756500  0.08327801 216.997464 216.619514   8.379733  12.2
5186 Donalu                          285.311691  2.5791998  0.08451771  74.946929 334.057268  14.927627  11.8
5187 Domon                           179.637967  2.9251601  0.07546265 281.501204 129.251997   3.017699  12.2
5188 Paine                           279.163115  2.5817011  0.13639920 281.567573 143.874297  13.541171  12.9
5189 1990 UQ                          41.085794  1.5507543  0.47789717 159.475227 135.429205   3.577621  17.3
5190 1990 UR2                         98.503033  3.1472726  0.20742488 149.926098 312.187346  14.079655  11.7
5191 1990 VO3                        210.515439  3.0101073  0.11075450 145.916683 233.190119   9.032998  11.6
5192 Yabuki                          202.437168  3.1938269  0.07892045 307.233030  91.331475  14.904069  10.4
5193 1992 ET                          90.513652  3.1819509  0.15675819  20.391744  91.044095   2.711366  11.8
5194 Bottger                         291.442593  2.7071061  0.04652010 101.217471 140.940813   4.299844  14.0
5195 Kaendler                         63.787229  2.1618883  0.13112449 130.404881 211.023411   3.891296  13.8
5196 Bustelli                        107.909171  2.6986465  0.13936283 113.192820   7.200477  13.234336  12.6
5197 Rottmann                        286.252667  3.0073252  0.11393554 313.632980  28.099219  11.130220  11.9
5198 Fongyunwah                      125.792834  3.1096775  0.16647040 310.324287 150.959262   2.101659  12.1
5199 Dortmund                         41.704144  2.6215743  0.17715221 342.951044 296.085861  12.250337  12.1
5200 Pamal                           139.078404  2.2441371  0.14481881 208.538190  18.721266   5.955946  13.8
5201 1983 XF                         212.288030  3.1634714  0.52138803  56.756705  72.584800   4.054268  14.8
5202 1983 XX                         341.828598  2.3999381  0.16614494 160.176862 262.784607  12.629561  13.2
5203 Pavarotti                        84.183120  2.2343154  0.18467331  11.443453 293.576183   2.800611  13.5
5204 Herakleitos                     314.121619  3.1422033  0.13267717 302.382657 175.181989   0.862169  12.2
5205 1988 CU7                        170.958964  2.3379682  0.04366778 300.409511 358.525128   6.381680  13.2
5206 Kodomonomori                    202.367582  2.6034936  0.10247480 133.149615 338.168956  12.995035  13.0
5207 1988 HE                         111.927531  2.5486233  0.19156374 345.992887 319.354182  12.798624  13.7
5208 Royer                            96.339403  2.6038647  0.04826565  22.576336 124.836864  15.878204  11.6
5209 1989 CW1                          4.514815  5.1289901  0.05142838 103.206810 322.734971   9.079292  10.1
5210 Saint-Saens                     218.836437  2.4384329  0.14989613  74.702377   0.635302   2.148260  14.4
5211 Stevenson                       196.277140  2.2950015  0.24435440 185.122466 134.067898  26.795765  13.4
5212 1989 SS                         161.480882  3.0239433  0.08546949 228.120298 230.463432  11.385677  11.6
5213 Takahashi                       297.715174  2.9996597  0.04535286 255.349469 198.272175   9.483934  11.9
5214 Oozora                          271.671501  2.1884303  0.10350287 262.066619   7.832249   6.076616  13.5
5215 Tsurui                          107.754503  2.6835594  0.15043294 150.773787 125.571622  14.122024  11.2
5216 1941 HA                          93.437939  2.6075739  0.16171491 190.914546 138.748803  14.098305  11.6
5217 1966 CL                         234.297054  2.3813878  0.16760079  99.926493 124.326081   2.915504  13.9
5218 1969 TB3                          6.250903  2.3515726  0.15394049  88.716884 256.175034   2.978107  13.8
5219 1976 GU3                        327.700564  3.1896382  0.13816844 158.210626  55.343682   2.040615  12.3
5220 1979 SA8                        232.147538  2.2689125  0.20375188 271.725496  23.684298   5.413070  13.3
5221 Fabribudweis                     11.657380  3.2084849  0.10108799 212.971772  29.743652   1.617668  12.4
5222 Ioffe                           161.291737  2.7771923  0.14300399 331.078529 220.791765  34.519460  11.0
5223 1981 EX6                        192.483361  3.2108817  0.16184857  16.051693 342.197130  16.857553  13.6
5224 Abbe                             18.682841  2.2455377  0.00834309  86.794523 359.598054   7.942022  14.3
5225 Loral                           259.626902  3.0759019  0.19078570 285.328822 100.287143   2.346947  12.6
5226 Pollack                          16.332980  2.3334133  0.09079687  21.268282  68.018665  10.480424  13.3
5227 1986 PE                         141.607931  2.2911806  0.08580647  87.077066 254.124614   8.616414  13.1
5228 Maca                            111.164238  3.0984722  0.16715148 128.196649 196.050961   1.255805  12.2
5229 1987 DE6                        127.794311  3.1242197  0.14903823  72.331031 313.031055   5.737890  11.8
5230 1988 EF                         310.940580  2.4011574  0.37230194 265.304099 195.831314  20.696201  13.4
5231 Verne                           328.275428  2.6203813  0.15079901 319.085801  91.465240  14.896800  11.1
5232 Jordaens                         73.257589  2.8554294  0.15858597  97.975102 165.850936  12.213757  12.0
5233 1988 RL10                        90.755441  5.1676066  0.04405370  44.006997 142.517086   3.373227  11.9
5234 Sechenov                        315.358283  2.7618909  0.16365413 175.789528 223.357669  35.820964  11.4
5235 Jean-Loup                       148.810428  2.2962863  0.14224147  29.769703 257.850201   4.851995  12.8
5236 Yoko                             43.926182  2.3306806  0.10960185 197.784640 206.415110   7.405901  13.0
5237 Yoshikawa                       344.765054  2.2405049  0.09572886 144.824251  38.326757   5.141911  13.2
5238 Naozane                         305.099906  2.2744076  0.11806011 330.822915 230.799704   5.873845  12.7
5239 Reiki                           220.695927  2.7841643  0.13854525 353.013228  81.829229   8.496090  12.5
5240 Kwasan                           35.983675  2.3829402  0.09963833 185.611058 242.092218   5.611538  12.4
5241 1990 YL                         151.135530  3.1196723  0.18484916  40.008874  47.323358   3.705890  11.9
5242 Kenreimonin                      37.982106  2.8030203  0.06823646  67.689341 227.082219   2.864131  12.5
5243 Clasien                         214.877989  2.7765502  0.17727031  61.079378 194.694247   7.469507  12.9
5244 Amphilochos                      69.452017  5.1554817  0.02798358 128.189421 213.304909   6.161094  10.1
5245 1976 GR2                        332.050850  2.1614835  0.10369506  87.041967 146.230984   3.252231  13.5
5246 1979 OB                         253.610603  2.2246314  0.28306820 140.045839 181.196214   5.615443  14.5
5247 Krylov                          281.577695  2.3341533  0.16110386  35.000344 221.491357  23.509338  12.5
5248 Scardia                         163.893428  2.2197710  0.17172961 213.010951  71.983793   0.354348  13.9
5249 Giza                            268.830988  3.1697120  0.14116089  58.566698 123.021107   2.166304  12.1
5250 Jas                              47.001726  2.6772722  0.19221381 207.951323 134.535171  13.516775  12.9
5251 1985 KA                         161.217305  2.3614987  0.29367251  80.290532 250.224104  22.175467  14.2
5252 1985 PZ1                        223.836103  2.3740928  0.14676024 145.693450 144.142453   8.593262  13.3
5253 1985 XB                         158.398130  1.9738532  0.22484369  69.057044  71.435189  28.773367  13.7
5254 Ulysses                         349.836488  5.2415224  0.12275644 342.095683  76.041280  24.188960   8.8
5255 1988 KF                         131.263816  2.6736620  0.01668848 121.243855  99.921356  11.596820  12.1
5256 Farquhar                        155.863690  2.5511071  0.20186938  87.114221 219.907139  14.954949  12.3
5257 1988 RS10                        58.765449  5.2049522  0.03193956  88.466369 126.952139   2.865782  12.0
5258 1989 AU1                        283.730437  5.2681624  0.08202912 225.752384 248.354666   5.879880  10.0
5259 Epeigeus                        147.297903  5.1873524  0.07141171 199.257878  67.483111  15.932946  10.3
5260 Philveron                       276.978693  2.6012801  0.10713589 304.151363 175.769020  13.698357  13.2
5261 Eureka                           31.009424  1.5235857  0.06482728  95.375946 245.132569  20.279582  16.1
5262 Brucegoldberg                    91.730400  3.0808424  0.16987911  88.546573  92.246070  15.962587  10.9
5263 Arrius                          125.346678  3.1915977  0.02994598 288.944770 226.659293  14.762878  11.6
5264 Telephus                        290.169987  5.2008478  0.11248447 357.780126 121.900293  33.579036   9.5
5265 Schadow                          20.055394  3.1677084  0.11424478  58.250577 176.680159   5.774254  13.1
5266 Rauch                            79.613238  2.7171345  0.13078062 117.589532  11.896689  15.712081  13.9
5267 1966 CF                         304.685692  2.3697763  0.08665002  43.280761 114.364496   9.016126  13.2
5268 1971 US1                        109.086486  2.6452440  0.25918171 117.980512 220.696399  14.297839  13.3
5269 1978 SL6                         22.816805  2.2251912  0.15587059 240.081628  91.677144   0.796802  14.2
5270 1979 KR                         192.282271  2.5737046  0.14038981  50.651482 200.330607  11.328029  12.9
5271 1979 MH7                        224.809260  2.6675354  0.11739573  53.466303 131.251474  14.055299  13.1
5272 Dickinson                        33.533229  2.2144278  0.19271606 197.499370 155.362931   4.443960  14.5
5273 1982 DQ6                        284.930352  2.3109790  0.08653924  68.413621  18.457156   6.302113  14.0
5274 Degewij                         102.207422  2.6769194  0.13832461 217.360624   0.000375  11.619862  12.3
5275 Zdislava                        241.318475  2.1994890  0.25463935 108.153420 236.379722   6.047931  13.6
5276 Gulkis                          237.827797  2.5859542  0.17017278  26.969111 167.686007  11.901152  12.9
5277 1988 DO                           7.092659  2.3049285  0.14102922 188.389828 298.991861   8.573012  14.3
5278 1988 EJ1                         44.394107  2.2184042  0.08591304 305.173822 225.540620   4.098281  13.4
5279 Arthuradel                      179.225274  2.4778782  0.28794566 191.794694 101.189540  13.548729  13.3
5280 1988 PT                         204.870811  2.5871781  0.20926355  41.875480 195.904310  12.859289  13.1
5281 1988 SO1                        289.576079  3.0100157  0.12349890 260.287341 121.768328  11.092473  11.4
5282 Yamatotakeru                     94.635297  2.7296834  0.12329547 105.292929 227.010937  12.198122  12.8
5283 Pyrrhus                         341.449425  5.2003320  0.15112399 354.888708  71.165845  17.487213   9.3
5284 Orsilocus                       328.795009  5.2093135  0.08505917 341.673516 102.741137  20.233938   9.9
5285 Krethon                          25.560583  5.1194738  0.05117052 256.259276 144.296621  25.230757   9.8
5286 Haruomukai                      291.625589  2.9179252  0.02370735 267.307565 120.512221   2.948906  12.2
5287 Heishu                          350.597448  2.6847754  0.20529533 261.330301 151.534549   6.459224  12.7
5288 Nankichi                          2.150190  2.6040578  0.12534363 179.084556 275.130141  11.947655  11.9
5289 1990 KG2                        156.645881  3.0086435  0.08605914 114.143900 190.218006  10.374258  12.1
5290 1990 OD4                        244.888526  2.7345602  0.06193010 160.925777 189.446859  11.196279  11.8
5291 Yuuko                           277.659424  2.4193873  0.15930367 351.034218 209.681882   2.049949  13.1
5292 1991 AJ1                         46.515449  2.5654543  0.15595816 260.636056  94.936425  15.493932  11.9
5293 Bentengahama                    277.369853  2.6695220  0.10990685  11.227862 111.192598  13.954660  11.6
5294 Onnetoh                         230.736715  2.8674854  0.12945624 315.744299 128.314250  17.763102  11.8
5295 Masayo                          103.957091  3.1375014  0.10416633  80.528416  82.936095   6.301249  11.5
5296 Friedrich                        65.930544  3.1273451  0.10280990 125.383215 100.988142   2.830328  11.7
5297 Schinkel                         19.218126  2.2622764  0.12433111 311.375566 149.988888   6.527863  13.9
5298 1966 PK                          28.453676  2.9856601  0.21692535 297.616864  70.224290   2.184714  12.8
5299 1969 LB                         321.791922  3.1164599  0.07323176  72.882848 326.471778   4.877819  11.9
5300 1974 SX1                        334.993920  2.2751990  0.16209911 350.528959  10.728320   6.438172  14.1
5301 Novobranets                     306.374935  3.3672757  0.10087651 139.520836 244.269049   9.996938  11.3
5302 1976 YF5                         68.653247  2.3309519  0.03686530  46.469542 337.705599   2.147581  14.1
5303 1978 TT2                        198.315812  2.8730380  0.01949343 152.769110  51.154571   2.772807  12.4
5304 1978 TA7                        264.712266  2.9828932  0.07504608 315.821303 114.928157   8.968873  12.0
5305 1978 VS5                        239.076063  2.4375749  0.15691458  13.818982 231.901540   1.790916  13.3
5306 Fangfen                          82.793632  2.8544954  0.07041307 251.307933  80.339380   3.133430  12.3
5307 Paul-Andre                      276.514284  2.4154981  0.12227507   9.111170  59.379368   7.063941  13.5
5308 1981 DC2                        232.921872  2.6608492  0.20286112  98.860979 225.268756  11.876634  13.3
5309 1981 ED25                       271.475375  2.2521359  0.23438840 124.838921 202.470019   4.036149  14.1
5310 1981 EP26                       213.257267  2.3891024  0.08758203  45.609225 171.963615   6.185945  13.6
5311 1981 GD1                        143.624962  3.0356728  0.09630270 258.969158 228.342252   3.446088  13.7
5312 Schott                          357.476190  3.1623346  0.30917742 282.165161  96.289080   2.843881  13.3
5313 Nunes                           356.372253  2.2156988  0.12138085 137.541225 112.141021   4.523031  12.9
5314 1982 SG4                        302.809893  3.0014691  0.07861705 250.047739 205.875489   9.620147  12.0
5315 1982 SV5                        216.063002  2.2631533  0.19557940 207.012159 172.699943   6.175459  14.2
5316 Filatov                         251.799288  3.1658871  0.02902507 219.661769 230.810475  14.702498  11.5
5317 Verolacqua                      174.518649  2.6501175  0.10911603  60.002382 122.415383  13.983666  12.2
5318 1985 HG1                        334.619774  2.2894185  0.13444996  54.275694 107.796876   3.309342  13.3
5319 1985 RK6                        348.458363  2.2566702  0.15319207  81.228554 200.724306   6.229104  13.3
5320 1985 VD                         150.821612  3.1411465  0.15769512 211.500262 127.378023   5.646917  12.1
5321 1985 VN                          58.806084  2.5801930  0.22121718 138.152446 210.517861  13.557771  13.0
5322 1986 QB1                        254.692590  2.8616163  0.00732672 185.021735  58.109836   3.295349  12.2
5323 1986 TL4                         41.601460  2.3987170  0.19785502 346.677739  61.771652   3.320202  14.0
5324 Lyapunov                         53.658572  2.9573184  0.61570550 320.205924 353.106760  19.504404  15.2
5325 Silver                          278.843865  2.3645264  0.21762510 119.788331 135.230169  23.471709  12.5
5326 1988 RT6                        193.906053  2.5414831  0.12481979 122.446595 170.987384  15.002074  12.9
5327 1989 EX1                        167.228911  2.3415168  0.16292652  82.431217 137.370181   9.745083  13.7
5328 1989 UH1                        131.544507  2.4091812  0.14142133 162.211446 217.640934   6.917938  13.6
5329 1989 YP                          35.173556  2.6087897  0.26603572 256.089074 142.211973  13.429692  12.4
5330 Senrikyu                        100.659022  2.7621233  0.15766586  20.422621 307.878903  33.787736  11.8
5331 Erimomisaki                       1.106620  2.7689804  0.38740438 281.838154 110.571826  12.086586  12.0
5332 1990 DA                         247.276404  2.1638143  0.45619968 305.516018 143.170381  25.433687  13.9
5333 Kanaya                          300.334967  2.3446730  0.16837406 309.418765 208.544680  10.980201  13.1
5334 Mishima                         354.223759  2.2656963  0.12518702  54.584166 170.670753   7.413681  13.4
5335 Damocles                         67.240523 11.8316296  0.86613124 191.203779 314.191432  61.737780  13.3
5336 1991 JE1                         89.440189  3.1314416  0.13477521  66.408359 178.823096  11.330314  11.8
5337 Aoki                             91.488447  3.2228942  0.07620248   3.023151 238.793513   6.364618  11.5
5338 1991 RJ5                        120.256729  2.8750810  0.07113100 298.395290  89.836686   3.359531  12.3
5339 1992 CD                          57.975436  3.1827861  0.07792142 163.999013 336.740527   2.386329  11.6
5340 Burton                           99.584639  3.0997322  0.12434405 325.142335 272.865967   3.466051  12.7
5341 Purgathofer                     272.818946  2.1774137  0.20630606  57.060974 303.604471   1.203332  14.4
5342 Le Poole                        212.093707  2.4620767  0.23653192 105.676404 166.892429  14.304324  13.9
5343 1977 SG3                        357.981014  2.2740420  0.12785127 338.451292  65.876068   8.340978  13.3
5344 1978 RN                         131.646042  2.7034364  0.16422160 229.083888 174.171293   7.078831  13.3
5345 1981 EY8                         65.322943  2.7628190  0.23560894  73.249945 304.766227   6.460420  14.1
5346 1981 QE3                         16.500718  3.1397203  0.18520274 263.379334  71.706352   2.452217  12.0
5347 1985 DX2                        179.811611  3.0157446  0.03201517  13.017919 167.783269  11.094081  11.9
5348 1988 BB                          79.807374  2.7929211  0.17305442 174.272714 301.808794   7.083560  12.7
5349 Paulharris                        9.385434  2.7869197  0.46588087  80.597890   1.960842  28.534215  12.7
5350 Epetersen                       217.701443  2.2334969  0.12964467 327.598941 308.579515   2.543432  13.1
5351 Diderot                         268.872803  2.4250398  0.14676513  65.210014 155.664448   5.590926  13.0
5352 Fujita                          140.850237  2.3884157  0.16034506 164.087591 258.686906   4.266514  12.8
5353 1989 YT                          86.375140  2.5658374  0.29154751 300.935098  35.318766   3.846573  13.4
5354 Hisayo                          133.601434  3.1932121  0.05582709  42.168273 134.200694   4.929191  11.6
5355 Akihiro                         355.877784  2.3117102  0.16742986  12.014586 193.231455   0.736614  13.2
5356 1991 FF1                        359.571885  2.6070400  0.15690232 266.781788 173.039324  14.289531  12.2
5357 1992 EL                         176.361995  2.9857822  0.10753912 119.443134 302.280552   9.095328  10.9
5358 1992 QH                          17.816102  2.8577176  0.18686856  84.555475 335.778659  11.099874  11.5
5359 1974 QX1                        217.473516  2.3405602  0.19847130 310.440669  63.781095   1.597434  13.8
5360 1975 VD9                        339.902332  3.2419338  0.02730335  17.276481  18.292524  21.738633  11.4
5361 1976 YC2                        193.649082  3.1287065  0.08642116 133.742547  82.503897   7.231001  11.5
5362 1978 CH                         194.290604  3.3860268  0.00944336 260.539887 136.335597   6.140424  11.5
5363 1979 UQ                         216.786512  2.2410593  0.17509626 135.949400 244.801106   2.763930  13.7
5364 1980 RC1                        205.142704  2.4582477  0.20180475  77.169745 281.717895   3.103611  12.9
5365 Fievez                          359.391981  2.2194073  0.09471707 178.927391  80.731445   1.604406  14.2
5366 1981 EY30                       278.366806  2.2413808  0.20608904 171.146998 158.522649   4.041890  14.1
5367 Sollenberger                    355.130660  3.0418756  0.12332278 137.056651 251.860605  10.726629  11.9
5368 1984 SW5                        127.901209  3.9557119  0.08146294 348.020861 159.937389   6.238305  11.0
5369 Virgiugum                       288.839648  2.2575284  0.22865155 181.015178 166.941060   4.524864  13.7
5370 Taranis                         335.815838  3.3432159  0.63276647 161.186776 177.881695  19.030563  15.7
5371 1987 VG1                         17.473193  3.1656937  0.10565027  79.285275 262.715517   9.596385  11.8
5372 Bikki                            73.226294  3.0749692  0.08411437 294.711403  19.617449  12.241143  11.5
5373 1988 VV3                        144.319053  2.6464164  0.09526385 310.402447  37.868465   2.158954  13.4
5374 Hokutosei                       174.205217  3.1861430  0.08557472 249.066505 300.375119  12.273622  11.2
5375 Siedentopf                       29.417505  3.1692272  0.17661246 242.977600  89.887171   2.441419  13.4
5376 1990 DD                         146.380164  2.4133444  0.17499549  98.789151 332.520555  12.483354  12.4
5377 Komori                           98.791693  2.1868909  0.06190454 198.959897 337.592231   3.030986  13.6
5378 1991 GD                         335.903132  1.9340024  0.08220461 206.585413 249.961327  19.113508  14.1
5379 1991 HG                         308.066415  2.3962842  0.05421835 211.227439  34.175027   3.810659  12.8
5380 1991 JT                         235.549172  2.5763290  0.21428218 359.156047 242.608087   9.323901  13.1
5381 Sekhmet                          19.477778  0.9475171  0.29598544  37.430392  58.574233  48.970493  16.5
5382 1991 JR2                        288.551452  2.6291303  0.09145316  11.264673 169.251863  12.761636  12.4
5383 Leavitt                          49.545504  2.8563894  0.09051440 270.188625  92.501527   3.282089  13.2
5384 1957 VA                         314.762966  1.9353539  0.10370429  89.164875  48.949027  27.093091  13.8
5385 1975 TS3                         60.099704  3.1358327  0.24018621 301.982912  41.602449   9.821483  12.2
5386 1975 TH6                        334.949034  2.2417957  0.13814019 198.581727  91.004631   9.463665  13.1
5387 1980 NB                         267.635016  2.4397197  0.17086383  29.686205 239.270192   1.602478  13.4
5388 Mottola                          66.331848  2.6852607  0.14422041  68.654241 359.646337  12.576011  13.4
5389 Choikaiyau                      234.930823  2.3791188  0.15556454 312.296405  46.436376   8.090578  13.4
5390 1981 YO1                         73.507458  1.9391991  0.07697306 322.102589  85.745515  23.808393  12.7
5391 1985 RE2                        292.514022  2.2600348  0.24243646 344.356302 336.638674   2.515417  13.2
5392 Parker                          149.070420  2.3499578  0.34297229  95.882183  56.635025  22.034511  12.7
5393 Goldstein                       194.955983  2.3372012  0.12699420 135.963730 349.050861   5.296566  13.6
5394 Jurgens                         167.080324  2.3759628  0.16650867 186.809606 294.854025   1.739989  13.5
5395 1988 RK11                       129.238233  2.5380862  0.27220391 220.959498 168.790051   6.937293  15.6
5396 1988 SH1                        174.390685  2.3956948  0.16749236 219.382336 205.031359   4.659871  14.0
5397 1988 VB5                        178.131767  2.5302649  0.18514086 139.255754 218.729540  12.409656  12.7
5398 1989 AK1                        348.686737  3.0032941  0.01683378 109.845873 307.966303   9.640859  11.4
5399 Awa                              33.025517  2.8053030  0.18611263 177.101590 271.241456   3.736431  11.9
5400 1989 CM                         337.402037  3.0882186  0.15287431  21.233561  27.073536   0.578232  12.8
5401 Minamioda                        95.180389  2.7968107  0.15057723  14.297439  47.212365  10.064363  11.8
5402 1989 UK2                         11.350712  2.0460123  0.13698257 132.900351 237.198882  16.699568  13.5
5403 Takachiho                       200.606547  3.0272686  0.05866238  44.682238 123.806126  10.305716  11.4
5404 Uemura                          255.655194  2.2545310  0.06561988 327.997608  14.982221   9.892838  12.5
5405 Neverland                       204.716374  2.6637033  0.23693761 244.103588  15.270013  10.396401  12.6
5406 1991 PH11                       330.471850  2.6673539  0.12172431 342.268360 235.672351   6.129275  12.0
5407 1992 AX                         138.283644  1.8381721  0.27765353 108.564690 117.907918  11.385459  13.9
5408 The                               5.719068  2.2610365  0.13909734 340.943190 207.420634   4.073347  14.0
5409 Saale                           206.277047  2.6179569  0.15562293  59.080662 285.387035   8.766735  12.9
5410 Spivakov                         16.851909  3.0055302  0.27918889 340.009452 141.376523   4.019200  13.3
5411 1973 AT3                        186.293189  3.0765997  0.03668667 230.668981 318.294586   5.630758  11.8
5412 1973 SR3                        193.641461  2.4451585  0.18709153 305.343216  26.711426   2.412777  14.3
5413 1977 EC2                        289.061344  3.1620969  0.14241755 138.177624  41.722723   0.429870  12.1
5414 1977 RW6                        103.154188  2.8873051  0.08230923 327.265974  23.978425   2.107792  12.7
5415 1978 TB2                        225.405122  2.2738327  0.12456895 243.753149 192.556976   4.288411  13.8
5416 1978 VE5                        132.018445  2.7838661  0.23365328 284.665707  67.182700   8.397083  12.2
5417 1981 QT                         260.431199  2.2973815  0.13360540  93.268302 294.182586   1.468335  13.5
5418 1981 QG1                         57.246941  2.9770629  0.30567905 244.564397 174.976734  17.444608  13.0
5419 1981 SW7                         55.612399  3.0947277  0.19091437  57.387933 298.335816   5.213373  12.2
5420 1982 JR1                        159.306044  2.6811601  0.23302938 257.767522  85.666036   8.695579  13.0
5421 Ulanova                         255.690132  2.2542025  0.15047288  92.053275 271.721036   3.206264  13.4
5422 Hodgkin                          43.888848  2.9769849  0.23320574   8.098658  33.169627   6.604793  12.3
5423 1983 DC                          92.093639  2.3802745  0.16249320 139.323712 338.631682   2.691222  13.8
5424 Covington                       137.089123  2.2364774  0.04342469 152.135501 238.147432   3.239539  13.3
5425 1984 SA1                        199.802419  2.4541614  0.13478246  25.362364 356.163307   6.285052  13.1
5426 Sharp                           315.803087  1.9550096  0.11686449  67.534134  88.288860  23.790645  13.8
5427 1986 JQ                         140.890718  1.9314577  0.07440911  73.101373 219.962816  20.394701  13.3
5428 1987 RA1                        119.094998  2.9015616  0.04019403  13.197761 270.519498   0.935102  12.5
5429 1988 BZ1                        302.596345  3.2065841  0.14410731 297.961014 183.133034   0.761342  12.2
5430 Luu                             283.871611  2.3652511  0.22310978 121.277931 123.330795  23.857323  12.8
5431 Maxinehelin                     234.979867  2.3273872  0.25397576 100.688988 287.879608  23.308332  13.0
5432 Imakiire                        103.417340  2.6168757  0.11636695 305.588329  95.252145   3.183460  13.3
5433 Kairen                          126.417461  2.5413134  0.22294627 159.968712 269.985832   7.777933  12.4
5434 1989 ES                         271.986315  3.1866102  0.07584881 310.284576 173.065237  17.040548  11.3
5435 Kameoka                         209.411792  3.1443573  0.13941964 356.825745 109.806741  18.233907  11.4
5436 Eumelos                         296.814354  5.2002908  0.07941271 218.747566 253.991709   7.431895  10.3
5437 1990 DU3                          8.461550  2.2999237  0.11060764 335.542767 319.560891   6.401242  13.1
5438 1990 QJ                          50.946016  2.7455631  0.27581880 238.749925 298.682660  26.552039  11.2
5439 1990 RW                           8.951068  3.9995661  0.15051254 333.312716 352.923533   1.258036  11.7
5440 Terao                            52.237296  2.1723690  0.14143861 148.829721 115.721916   4.560306  13.3
5441 1991 JZ1                         83.844108  3.0538262  0.08132063 143.306895 131.424546  10.987959  11.4
5442 Drossart                        128.766056  2.8862729  0.07344657 345.148436 356.693857   1.493401  12.9
5443 Encrenaz                         11.953636  2.4706889  0.11173518 231.382679 320.728334  10.733818  12.9
5444 Gautier                         162.086300  2.3761209  0.15836403 336.883966 143.154074   0.754077  13.5
5445 1991 PA12                       333.569878  2.5480504  0.22804777 329.043937 259.996460   6.107754  12.3
5446 1991 PB13                       353.157850  3.2133298  0.13243193 323.829764 100.928436   2.362343  11.9
5447 1991 PO14                       345.898986  2.9717663  0.08483839 122.061456 343.975713   9.815090  12.1
5448 Siebold                         129.023046  2.2216841  0.14473915 205.790005 321.466741   4.848275  13.0
5449 1992 US5                         43.943310  3.0261781  0.10698720  62.524167 327.332281   9.469868  12.1
5450 Sokrates                        282.385345  2.8148444  0.12061940 319.191645 145.418709   5.230226  12.0
5451 Plato                           220.682690  2.5312859  0.14492699 253.885190  11.173397   1.762055  14.2
5452 1937 NN                         172.532729  2.2213756  0.22270476 312.339963 300.058099   6.155423  13.1
5453 1975 VS5                        255.653680  2.2550983  0.15674035 245.338814 167.309156   6.332611  14.0
5454 Kojiki                           21.426439  3.1673188  0.12026967  82.331063 337.086791   5.471063  12.6
5455 1978 RV5                        321.386800  2.2474400  0.11581125   0.602476   2.670171   3.392787  13.4
5456 1979 HH3                        129.561609  2.3580235  0.04902897 144.017853  44.340701   7.031316  13.2
5457 Queen's                         177.439943  3.0721123  0.02881336  30.377744 270.331573   3.947720  12.4
5458 1980 TB12                       101.304493  3.1683924  0.03383653 115.746676 222.560457   9.174908  11.7
5459 Saraburger                      203.245902  2.8837375  0.04772787 218.551230  76.014319   3.138696  12.4
5460 1983 AW                         229.588532  2.2340842  0.16747967 282.123856 194.068833   3.669136  14.5
5461 1983 HB1                        169.416591  3.1442985  0.15380717 190.620826 112.420669  12.905494  11.3
5462 1984 SX5                        278.389793  2.3209090  0.10712396 252.607976 163.289969   6.504516  13.7
5463 Danwelcher                      330.717325  2.2466062  0.14078057 312.701785   3.913879   3.813514  13.6
5464 Weller                          323.415343  2.6711056  0.17748092 355.194081  36.569822  14.076881  12.9
5465 Chumakov                        175.200865  2.9161237  0.06612478 182.263614 124.718057   3.194961  12.0
5466 Makibi                          338.788511  3.1087716  0.13035222 337.106269 151.205956   2.126215  12.4
5467 1988 AG                          76.127900  2.8083044  0.17084090 139.831195 339.387459   8.747573  12.9
5468 Hamatonbetsu                    350.983880  2.8793057  0.21959001  68.424330 135.497816  11.979141  11.7
5469 1988 BK4                          9.541787  3.1239596  0.14013295 289.245780 144.207989  19.210621  13.6
5470 1988 BK5                        345.620377  3.2030414  0.14031005 145.476491 305.350461  18.225407  12.3
5471 Tunguska                          7.315735  2.9984078  0.06696234  32.193665 250.728210   9.289177  12.0
5472 1988 RR                         317.742098  2.2732466  0.10744315 324.766588  19.569545   1.546629  14.0
5473 Yamanashi                       235.214435  2.3837525  0.16164186 325.880664  59.859190   7.947174  13.3
5474 Gingasen                        146.309746  2.3828941  0.06839694 254.407424 247.386269   6.136209  12.6
5475 1989 QO                          43.161340  1.9180601  0.12013306 307.651488 108.034070  24.145953  14.7
5476 1989 TO11                       341.620778  5.1294319  0.07393179  94.748096 198.620372  13.690805  11.0
5477 1989 UH2                        142.287306  1.9172510  0.07523229 290.071631  49.223986  22.550085  13.4
5478 Wartburg                        349.691369  2.5455675  0.14147906 251.789908 233.329681   8.042802  13.0
5479 1989 UT5                         81.221875  2.5731631  0.22133565 124.437535 200.859358  13.417098  13.3
5480 1989 YK8                        358.399150  3.1390039  0.07977390 161.179553 121.276527   6.648364  11.4
5481 Kiuchi                           67.235354  2.3393209  0.06123323 249.798416 326.309118   5.967797  13.0
5482 1990 DX                         340.348617  2.5208235  0.19135388 294.578224 303.613245   4.330687  12.9
5483 1990 UQ11                       278.145813  3.1227682  0.08004969 207.022135  60.648778  10.227404  10.6
5484 Inoda                           266.948072  2.4119803  0.14479587 110.696037  48.587679  12.602425  12.6
5485 Kaula                            63.510709  2.7362494  0.11401965  64.509229  51.324892   3.301929  13.2
5486 1991 UT2                        332.814441  2.6028729  0.06041987 220.405941  63.882852  10.201655  12.2
5487 1991 UM4                         73.024964  2.4141628  0.15812393 241.971490 356.027642   2.314189  13.2
5488 Kiyosato                        178.637055  3.0361423  0.07272211 215.749794  97.006425  11.300732  11.3
5489 Oberkochen                      195.001243  2.6287031  0.18127049 265.741722 102.320772  13.990268  11.5
5490 Burbidge                        177.097991  2.3037826  0.11877698 272.032323 220.990754   3.228319  13.6
5491 Kaulbach                        284.408494  2.1810647  0.12677621  88.173850 332.828722   4.818317  13.7
5492 Thoma                           115.937725  2.7842230  0.13618217 191.836093 191.485196  17.586778  12.4
5493 Spitzweg                         57.207822  2.3605296  0.14151593 233.802699 356.322877   3.854573  13.7
5494 1933 UM1                        156.725169  2.8507431  0.07827750  61.436084 323.343926   1.148726  12.4
5495 1972 RY3                         63.270176  3.4178676  0.04193960 293.572111  33.381634   9.200774  11.1
5496 1973 NA                         223.956012  2.4332721  0.63783204 118.230575 101.093924  68.023849  15.3
5497 1975 SS                          15.571258  3.0078922  0.06016018 301.046888 195.676461  10.740587  12.4
5498 Gustafsson                      354.575128  2.2474763  0.14734644 131.576056 211.101412   2.105275  14.5
5499 1981 SU2                        295.303076  2.2691557  0.13484519  84.115742 313.224226   2.124745  14.2
5500 Twilley                         264.806745  2.2811768  0.08864080 340.250634 112.661815   4.393932  13.5