CHARSTAT V2.0 Log File

   0  NUL       0   0.0
   1  SOH       0   0.0
   2  STX       0   0.0
   3  ETX       0   0.0
   4  EOT       0   0.0
   5  ENQ       0   0.0
   6  ACK       0   0.0
   7  BEL       0   0.0
   8  BS        0   0.0
   9  HT        0   0.0
  10  LF      210   1.7
  11  VT        0   0.0
  12  FF        0   0.0
  13  CR      210   1.7
  14  SO        0   0.0
  15  SI        0   0.0
  16  DLE       0   0.0
  17  DC1       0   0.0
  18  DC2       0   0.0
  19  DC3       0   0.0
  20  DC4       0   0.0
  21  NAK       0   0.0
  22  SYN       0   0.0
  23  ETB       0   0.0
  24  CAN       0   0.0
  25  EM        0   0.0
  26  SUB       0   0.0
  27  ESC       0   0.0
  28  FS        0   0.0
  29  GS        0   0.0
  30  RS        0   0.0
  31  US        0   0.0
  32         5050  41.3
  33    !       0   0.0
  34    "       0   0.0
  35    #       0   0.0
  36    $       0   0.0
  37    %       0   0.0
  38    &       0   0.0
  39    '       0   0.0
  40    (       0   0.0
  41    )       0   0.0
  42    *       0   0.0
  43    +       0   0.0
  44    ,       0   0.0
  45    -      79   0.6
  46    .       0   0.0
  47    /       0   0.0
  48    0       0   0.0
  49    1       0   0.0
  50    2       0   0.0
  51    3       0   0.0
  52    4       0   0.0
  53    5       0   0.0
  54    6       0   0.0
  55    7       0   0.0
  56    8       0   0.0
  57    9       0   0.0
  58    :       0   0.0
  59    ;       0   0.0
  60    <       0   0.0
  61    =       0   0.0
  62    >       0   0.0
  63    ?       0   0.0
  64    @       0   0.0
  65    A       2   0.0
  66    B       2   0.0
  67    C       1   0.0
  68    D       0   0.0
  69    E       3   0.0
  70    F       1   0.0
  71    G       0   0.0
  72    H       0   0.0
  73    I       1   0.0
  74    J       0   0.0
  75    K       0   0.0
  76    L       1   0.0
  77    M       0   0.0
  78    N       1   0.0
  79    O       2   0.0
  80    P       0   0.0
  81    Q       0   0.0
  82    R       2   0.0
  83    S       4   0.0
  84    T       3   0.0
  85    U       0   0.0
  86    V       0   0.0
  87    W       1   0.0
  88    X       0   0.0
  89    Y       0   0.0
  90    Z       0   0.0
  91    [       0   0.0
  92    \       0   0.0
  93    ]       0   0.0
  94    ^       0   0.0
  95    _       0   0.0
  96    `       0   0.0
  97    a       4   0.0
  98    b       0   0.0
  99    c       0   0.0
 100    d       1   0.0
 101    e       7   0.1
 102    f       0   0.0
 103    g       0   0.0
 104    h       2   0.0
 105    i       2   0.0
 106    j       0   0.0
 107    k       0   0.0
 108    l       0   0.0
 109    m       1   0.0
 110    n       4   0.0
 111    o       0   0.0
 112    p       0   0.0
 113    q       0   0.0
 114    r       4   0.0
 115    s       0   0.0
 116    t       3   0.0
 117    u       0   0.0
 118    v       0   0.0
 119    w       1   0.0
 120    x       0   0.0
 121    y       0   0.0
 122    z       0   0.0
 123    {       0   0.0
 124    |       0   0.0
 125    }       0   0.0
 126    ~       0   0.0
 127           0   0.0
 128    Ä       0   0.0
 129    Å       0   0.0
 130    Ç       0   0.0
 131    É       0   0.0
 132    Ñ       0   0.0
 133    Ö       0   0.0
 134    Ü       0   0.0
 135    á       0   0.0
 136    à       0   0.0
 137    â       0   0.0
 138    ä       0   0.0
 139    ã       0   0.0
 140    å       0   0.0
 141    ç       0   0.0
 142    é       0   0.0
 143    è       0   0.0
 144    ê       0   0.0
 145    ë       0   0.0
 146    í       0   0.0
 147    ì       0   0.0
 148    î       0   0.0
 149    ï       0   0.0
 150    ñ       0   0.0
 151    ó       0   0.0
 152    ò       0   0.0
 153    ô       0   0.0
 154    ö       0   0.0
 155    õ       0   0.0
 156    ú       0   0.0
 157    ù       0   0.0
 158    û       0   0.0
 159    ü       0   0.0
 160    †       0   0.0
 161    °       0   0.0
 162    ¢       0   0.0
 163    £       0   0.0
 164    §       0   0.0
 165    •       0   0.0
 166    ¶       0   0.0
 167    ß       0   0.0
 168    ®       0   0.0
 169    ©       0   0.0
 170    ™       0   0.0
 171    ´       0   0.0
 172    ¨       0   0.0
 173    ≠       0   0.0
 174    Æ       0   0.0
 175    Ø       0   0.0
 176    ∞       2   0.0
 177    ±    2934  24.0
 178    ≤       2   0.0
 179    ≥      10   0.1
 180    ¥       0   0.0
 181    µ       0   0.0
 182    ∂       0   0.0
 183    ∑       0   0.0
 184    ∏       0   0.0
 185    π       0   0.0
 186    ∫       0   0.0
 187    ª       0   0.0
 188    º       0   0.0
 189    Ω       0   0.0
 190    æ       0   0.0
 191    ø       2   0.0
 192    ¿       5   0.0
 193    ¡       0   0.0
 194    ¬       0   0.0
 195    √       0   0.0
 196    ƒ     100   0.8
 197    ≈       0   0.0
 198    ∆       0   0.0
 199    «       0   0.0
 200    »       0   0.0
 201    …       0   0.0
 202            0   0.0
 203    À       0   0.0
 204    Ã       0   0.0
 205    Õ     158   1.3
 206    Œ       0   0.0
 207    œ       0   0.0
 208    –       0   0.0
 209    —       0   0.0
 210    “       0   0.0
 211    ”       0   0.0
 212    ‘       0   0.0
 213    ’       0   0.0
 214    ÷       0   0.0
 215    ◊       0   0.0
 216    ÿ       0   0.0
 217    Ÿ       2   0.0
 218    ⁄       1   0.0
 219    €    1198   9.8
 220    ‹     296   2.4
 221    ›       0   0.0
 222    ﬁ       0   0.0
 223    ﬂ    1911  15.6
 224    ‡       0   0.0
 225    ·       0   0.0
 226    ‚       0   0.0
 227    „       0   0.0
 228    ‰       0   0.0
 229    Â       0   0.0
 230    Ê       0   0.0
 231    Á       0   0.0
 232    Ë       0   0.0
 233    È       0   0.0
 234    Í       0   0.0
 235    Î       0   0.0
 236    Ï       0   0.0
 237    Ì       0   0.0
 238    Ó       0   0.0
 239    Ô       0   0.0
 240           0   0.0
 241    Ò       0   0.0
 242    Ú       0   0.0
 243    Û       0   0.0
 244    Ù       0   0.0
 245    ı       0   0.0
 246    ˆ       0   0.0
 247    ˜       0   0.0
 248    ¯       0   0.0
 249    ˘       0   0.0
 250    ˙       0   0.0
 251    ˚       0   0.0
 252    ¸       0   0.0
 253    ˝       0   0.0
 254    ˛       0   0.0
 255    ˇ       0   0.0

 Von insgesamt 256 Zeichen wurden 40 (15.63 %) genutzt.
